chr1	1173880	1197936	chr1	1173880	1173890	95.2128
chr1	1335276	1349418	chr1	1335270	1335280	94.5652
chr1	2528745	2530263	chr1	2528741	2528751	72.2284
chr1	5862811	5992473	chr1	5862810	5862820	92.0369
chr1	6101787	6180321	chr1	6101780	6101790	79.6505
chr1	8352397	8848921	chr1	8352390	8352400	94.2356
chr1	10636604	10796650	chr1	10636603	10636613	98.5962
chr1	11785723	11806455	chr1	11785723	11785733	26.9431
chr1	11845709	11848345	chr1	11845703	11845713	92.9774
chr1	11857464	11858945	chr1	11857463	11857473	91.1465
chr1	16740273	16972964	chr1	16740265	16740275	49.2551
chr1	17018664	17054151	chr1	17018655	17018665	77.3188
chr1	19215660	19251552	chr1	19215656	19215666	31.0024
chr1	19338775	19485539	chr1	19338766	19338776	84.5784
chr1	21822244	21937310	chr1	21822237	21822247	85.8543
chr1	22052627	22101360	chr1	22052627	22052637	98.0353
chr1	22117313	22143969	chr1	22117307	22117317	98.8894
chr1	23380909	23424748	chr1	23380907	23380917	80.3777
chr1	23557926	23559501	chr1	23557919	23557929	85.5983
chr1	23743448	23762059	chr1	23743440	23743450	94.5815
chr1	23964347	23980927	chr1	23964340	23964350	65.7416
chr1	26280086	26281522	chr1	26280079	26280089	94.8923
chr1	26693236	26782104	chr1	26693229	26693239	99.8715
chr1	27534035	27604431	chr1	27534029	27534039	66.5547
chr1	28236109	28246906	chr1	28236109	28236119	89.9291
chr1	31365253	31376850	chr1	31365253	31365263	83.6693
chr1	32292083	32333635	chr1	32292079	32292089	98.41
chr1	34792999	34795747	chr1	34792999	34793009	93.9325
chr1	36084094	36088275	chr1	36084089	36084099	86.5795
chr1	36155579	36180849	chr1	36155579	36155589	86.4097
chr1	39623435	39639643	chr1	39623428	39623438	65.8626
chr1	40161387	40240921	chr1	40161378	40161388	99.1346
chr1	40691648	40771603	chr1	40691648	40691658	90.4177
chr1	43300982	43323108	chr1	43300979	43300989	85.8421
chr1	44819154	44843253	chr1	44819148	44819158	57.5494
chr1	51354263	51519328	chr1	51354258	51354268	65.4303
chr1	58776845	58784048	chr1	58776838	58776848	4.64121
chr1	59893308	59926773	chr1	59893308	59893318	64.9669
chr1	63523372	63572693	chr1	63523369	63523379	18.5594
chr1	66812885	66924856	chr1	66812877	66812887	60.4853
chr1	70411218	70439851	chr1	70411217	70411227	86.8783
chr1	77888513	77943895	chr1	77888505	77888515	96.0181
chr1	84498323	84506581	chr1	84498317	84498327	53.4195
chr1	85580761	85584589	chr1	85580757	85580767	99.0646
chr1	91680343	91906335	chr1	91680343	91680353	96.969
chr1	94896949	94927223	chr1	94896944	94896954	98.1126
chr1	100325629	100520277	chr1	100325624	100325634	64.164
chr1	102876467	103108872	chr1	102876464	102876474	99.5415
chr1	103655760	103664554	chr1	103655758	103655768	40.2393
chr1	109249539	109275751	chr1	109249538	109249548	98.2745
chr1	109656099	109665496	chr1	109656098	109656108	84.4414
chr1	109733932	109741038	chr1	109733928	109733938	5.63358
chr1	111414319	111427735	chr1	111414318	111414328	89.3769
chr1	112466541	112530165	chr1	112466538	112466548	49.0261
chr1	115698038	115837921	chr1	115698029	115698039	94.5291
chr1	119911553	120100779	chr1	119911547	119911557	83.6384
chr1	147541501	147626216	chr1	147541500	147541510	97.6668
chr1	147756199	147773362	chr1	147756197	147756207	77.0393
chr1	150265399	150269580	chr1	150265390	150265400	99.7234
chr1	153357854	153361023	chr1	153357854	153357864	89.0411
chr1	153390032	153391073	chr1	153390024	153390034	91.5867
chr1	153618779	153634412	chr1	153618774	153618784	87.9523
chr1	154272355	154275875	chr1	154272354	154272364	71.3341
chr1	154581695	154628013	chr1	154581694	154581704	32.7164
chr1	155127876	155134899	chr1	155127874	155127884	94.7685
chr1	155897808	155911404	chr1	155897799	155897809	86.8815
chr1	156082572	156140081	chr1	156082569	156082579	95.7024
chr1	156463727	156500779	chr1	156463718	156463728	94.4861
chr1	156934840	157046903	chr1	156934838	156934848	97.3376
chr1	158831351	158849506	chr1	158831350	158831360	20.1065
chr1	159918107	159925507	chr1	159918100	159918110	97.1669
chr1	160115759	160143591	chr1	160115750	160115760	96.007
chr1	160343294	160358952	chr1	160343290	160343300	96.8872
chr1	160400564	160428678	chr1	160400560	160400570	93.5144
chr1	160995211	161021175	chr1	160995210	160995220	67.7174
chr1	161314381	161363206	chr1	161314380	161314390	99.9283
chr1	162790702	162812823	chr1	162790700	162790710	95.7856
chr1	164555584	164899296	chr1	164555583	164555593	7.02131
chr1	167220876	167427345	chr1	167220873	167220883	98.7149
chr1	169722640	169764705	chr1	169722639	169722649	54.0629
chr1	174999163	175012027	chr1	174999163	174999173	84.8429
chr1	179550539	179575952	chr1	179550535	179550545	79.2382
chr1	182378098	182392206	chr1	182378095	182378105	85.3323
chr1	198638457	198759342	chr1	198638450	198638460	52.9724
chr1	201359008	201377764	chr1	201359002	201359012	45.0639
chr1	201403784	201429866	chr1	201403782	201403792	52.6605
chr1	203626832	203744081	chr1	203626832	203626842	98.5053
chr1	204073115	204127743	chr1	204073112	204073122	92.0953
chr1	207034366	207081024	chr1	207034365	207034375	97.6672
chr1	211658657	211675630	chr1	211658648	211658658	28.7384
chr1	212285410	212361853	chr1	212285408	212285418	95.0443
chr1	213983181	214041510	chr1	213983177	213983187	83.469
chr1	215622891	216423448	chr1	215622888	215622898	58.329
chr1	216503246	217137755	chr1	216503238	216503248	96.6729
chr1	218345336	218444619	chr1	218345328	218345338	99.9224
chr1	219968600	220046530	chr1	219968598	219968608	96.0886
chr1	223779893	223845954	chr1	223779888	223779898	76.9212
chr1	224896262	225399292	chr1	224896258	224896268	82.5483
chr1	225886282	225911382	chr1	225886280	225886290	82.3881
chr1	225936598	225941383	chr1	225936590	225936600	67.4617
chr1	226870184	226927726	chr1	226870179	226870189	90.3449
chr1	227918656	227947932	chr1	227918649	227918659	96.2966
chr1	228006998	228061271	chr1	228006989	228006999	97.3364
chr1	228139962	228148984	chr1	228139959	228139969	63.1159
chr1	228208044	228378876	chr1	228208039	228208049	98.1265
chr1	229430365	229434104	chr1	229430363	229430373	33.739
chr1	236795260	236921278	chr1	236795260	236795270	94.2647
chr1	243488233	243851079	chr1	243488228	243488238	81.5782
chr10	8045378	8075198	chr10	8045377	8045387	96.3068
chr10	11920022	12043170	chr10	11920021	11920031	99.7188
chr10	16823966	17129811	chr10	16823961	16823971	53.7541
chr10	27397121	27414368	chr10	27397121	27397131	67.9035
chr10	27775186	27999079	chr10	27775181	27775191	99.277
chr10	33177492	33336262	chr10	33177492	33177502	99.2357
chr10	35638247	35642296	chr10	35638242	35638252	91.475
chr10	44370165	44386493	chr10	44370162	44370172	90.2794
chr10	46033307	46048180	chr10	46039021	46039031	91.7676
chr10	47487219	47491700	chr10	47487905	47487915	72.5676
chr10	50990888	52298423	chr10	50990880	50990890	95.8963
chr10	60026298	60733490	chr10	60026292	60026302	80.3924
chr10	67884656	67918390	chr10	67884652	67884662	99.9314
chr10	70431936	70447951	chr10	70431934	70431944	62.0702
chr10	71396920	71815947	chr10	71396913	71396923	99.6687
chr10	71508153	71511873	chr10	71508153	71508163	76.5455
chr10	73631612	73641474	chr10	73631612	73631622	90.8831
chr10	74824927	75032624	chr10	74824922	74824932	93.9195
chr10	86755786	86932825	chr10	86755783	86755793	96.3843
chr10	87862638	87971930	chr10	87862633	87862643	92.4246
chr10	88934822	88991339	chr10	88934813	88934823	73.6773
chr10	90912096	90921087	chr10	90912093	90912103	91.8133
chr10	93073475	93077885	chr10	93073473	93073483	97.4163
chr10	93591687	93601744	chr10	93591683	93591693	99.2018
chr10	97766751	97771999	chr10	97766743	97766753	88.3074
chr10	100288149	100330264	chr10	100288143	100288153	92.5255
chr10	100463009	100483744	chr10	100463003	100463013	99.5561
chr10	101226994	101229463	chr10	101226993	101227003	99.0621
chr10	101354033	101557321	chr10	101354033	101354043	92.2048
chr10	101770109	101780371	chr10	101770103	101770113	99.8208
chr10	102503972	102633535	chr10	102503963	102503973	99.9836
chr10	110919367	111017307	chr10	110919362	110919372	94.0064
chr10	112950247	113167678	chr10	112950241	112950251	99.8455
chr10	119207571	119459745	chr10	119207568	119207578	98.7998
chr10	120851305	120909524	chr10	120851298	120851308	92.6906
chr10	121478332	121598458	chr10	121478326	121478336	98.3642
chr10	122458551	122514907	chr10	122458544	122458554	44.9653
chr10	125753580	125775821	chr10	125753571	125753581	69.9873
chr10	125823546	125853695	chr10	125823541	125823551	90.4003
chr10	127737185	127741183	chr10	127737176	127737186	89.165
chr10	129467190	129770983	chr10	129467186	129467196	87.9971
chr10	130136391	130184521	chr10	130136386	130136396	72.9409
chr11	532242	537321	chr11	532240	532250	96.5985
chr11	537527	554912	chr11	537520	537530	92.6622
chr11	1838981	1841680	chr11	1838980	1838990	89.5243
chr11	1995165	2004552	chr11	1995160	1995170	88.1935
chr11	2129112	2158391	chr11	2129110	2129120	67.0619
chr11	2597308	2700003	chr11	2597300	2597310	44.1989
chr11	5268345	5505652	chr11	5268340	5268350	83.2848
chr11	6603708	6610874	chr11	6603700	6603710	92.392
chr11	6621330	6655809	chr11	6621329	6621339	99.3401
chr11	8391868	8594289	chr11	8391863	8391873	94.5968
chr11	12094008	12362140	chr11	12094003	12094013	35.1843
chr11	15966449	16739591	chr11	15966444	15966454	99.6205
chr11	17365172	17389331	chr11	17365163	17365173	87.9818
chr11	17719571	17722136	chr11	17719563	17719573	95.2681
chr11	31784779	31817961	chr11	31784772	31784782	99.9556
chr11	32387775	32435564	chr11	32387774	32387784	99.8783
chr11	34438934	34472060	chr11	34438933	34438943	88.7985
chr11	35138882	35232402	chr11	35138873	35138883	68.3542
chr11	47214465	47239217	chr11	47214459	47214469	76.052
chr11	47331406	47352702	chr11	47331399	47331409	92.8395
chr11	59171430	59208588	chr11	59171427	59171437	90.4933
chr11	61752636	61788518	chr11	61752628	61752638	83.6043
chr11	61792911	61797238	chr11	61792908	61792918	95.379
chr11	62615296	62622154	chr11	62615288	62615298	83.7411
chr11	64234584	64239264	chr11	64234578	64234588	99.3805
chr11	65040901	65044828	chr11	65040898	65040908	51.2649
chr11	65497606	65508073	chr11	65497599	65497609	96.8238
chr11	65538559	65558930	chr11	65538559	65538569	97.952
chr11	65823022	65862026	chr11	65823019	65823029	64.3866
chr11	66510606	66533613	chr11	66510599	66510609	94.0493
chr11	67266473	67286556	chr11	67266469	67266479	98.3505
chr11	67468174	67491154	chr11	67468169	67468179	91.5363
chr11	67583742	67586656	chr11	67583739	67583749	96.3373
chr11	68312591	68449275	chr11	68312582	68312592	99.4484
chr11	68903863	68940602	chr11	68903862	68903872	85.7407
chr11	69698238	69704022	chr11	69698232	69698242	96.3591
chr11	72189558	72196323	chr11	72189556	72189566	79.1347
chr11	72576141	72674591	chr11	72576136	72576146	96.2837
chr11	76186325	76210736	chr11	76186316	76186326	98.7497
chr11	85694224	85811159	chr11	85694217	85694227	79.4888
chr11	95976598	96343195	chr11	95976596	95976606	97.4175
chr11	102942995	102955732	chr11	102942991	102943001	92.5405
chr11	103109410	103479863	chr11	103109401	103109411	93.4332
chr11	113314579	113383544	chr11	113314578	113314588	85.4846
chr11	113733187	113773735	chr11	113733178	113733188	92.0975
chr11	114059041	114256765	chr11	114059038	114059048	91.1477
chr11	114257787	114313536	chr11	114257778	114257788	99.9665
chr11	116829706	116833072	chr11	116829704	116829714	85.9961
chr11	116835751	116837622	chr11	116835744	116835754	93.0143
chr11	117199370	117207464	chr11	117199364	117199374	96.3596
chr11	118436456	118526832	chr11	118436455	118436465	99.9059
chr11	119084866	119093834	chr11	119084860	119084870	95.3891
chr11	124739942	124747210	chr11	124739934	124739944	99.7774
chr11	124883691	124898500	chr11	124883684	124883694	3.86828
chr11	128458761	128587558	chr11	128458755	128458765	95.9486
chr11	134069071	134152001	chr11	134069065	134069075	98.333
chr12	280057	389320	chr12	280054	280064	66.0591
chr12	1529891	1647212	chr12	1529884	1529894	69.2319
chr12	1970772	2697950	chr12	1970764	1970774	89.7624
chr12	2857680	2877174	chr12	2857674	2857684	87.2103
chr12	5531869	5946232	chr12	5531864	5531874	17.0951
chr12	5948877	6124770	chr12	5948874	5948884	90.7898
chr12	6913745	6923698	chr12	6913736	6913746	42.8723
chr12	7115736	7128889	chr12	7115734	7115744	66.1891
chr12	8913896	8941467	chr12	8913894	8913904	48.4087
chr12	10212458	10223128	chr12	10212451	10212461	91.7329
chr12	12116025	12267044	chr12	12116016	12116026	91.1642
chr12	15107783	15348675	chr12	15107776	15107786	89.3442
chr12	16347142	16609259	chr12	16347136	16347146	71.44
chr12	21764955	21775600	chr12	21764946	21764956	95.2367
chr12	23529504	24562544	chr12	23529496	23529506	99.4141
chr12	25205246	25250936	chr12	25205246	25205256	99.2787
chr12	28133249	28581511	chr12	28133247	28133257	74.3018
chr12	42081845	42144874	chr12	42081838	42081848	85.8668
chr12	48904110	48931840	chr12	48904107	48904117	80.4895
chr12	48978322	48982620	chr12	48978317	48978327	98.4265
chr12	49018975	49060794	chr12	49018967	49018977	98.8908
chr12	51186936	51218062	chr12	51186927	51186937	93.4541
chr12	51906908	51923361	chr12	51906906	51906916	94.173
chr12	52232520	52252186	chr12	52232516	52232526	61.6198
chr12	52487176	52493257	chr12	52487176	52487186	97.958
chr12	52897187	52949954	chr12	52897186	52897196	96.9975
chr12	52948871	52952906	chr12	52948866	52948876	76.8719
chr12	53210567	53232980	chr12	53210566	53210576	97.9235
chr12	53380176	53416446	chr12	53380176	53380186	99.9698
chr12	53962308	53975055	chr12	53962306	53962316	18.1873
chr12	53994895	54003337	chr12	53994886	53994896	99.46
chr12	54016931	54056030	chr12	54016926	54016936	99.6431
chr12	54280193	54287088	chr12	54280196	54280206	95.5577
chr12	55966781	55972789	chr12	55966776	55966786	99.0322
chr12	56076799	56103505	chr12	56076796	56076806	55.493
chr12	56202179	56221933	chr12	56202176	56202186	43.0334
chr12	57095408	57132139	chr12	57095407	57095417	99.1199
chr12	57128483	57213361	chr12	57128477	57128487	99.9691
chr12	57459785	57472268	chr12	57459777	57459787	85.2916
chr12	57475445	57517569	chr12	57475437	57475447	93.7219
chr12	57604622	57609804	chr12	57604617	57604627	99.8237
chr12	57747727	57756013	chr12	57747727	57747737	95.8483
chr12	57797376	57818734	chr12	57797367	57797377	92.7354
chr12	69348381	69354234	chr12	69348380	69348390	82.4229
chr12	70243002	70354993	chr12	70243000	70243010	89.1256
chr12	76858709	76879023	chr12	76858700	76858710	88.642
chr12	80792520	80937934	chr12	80792511	80792521	98.0576
chr12	88049016	88142099	chr12	88049013	88049023	85.671
chr12	89419718	89526047	chr12	89419713	89419723	50.2554
chr12	96194375	96269824	chr12	96194372	96194382	99.0466
chr12	101568353	101686028	chr12	101568352	101568362	59.5856
chr12	104117086	104138241	chr12	104117082	104117092	85.7211
chr12	109448655	109477359	chr12	109448655	109448665	89.2209
chr12	110280756	110351093	chr12	110280755	110280765	97.1878
chr12	110614027	110663431	chr12	110614025	110614035	84.4099
chr12	110909996	111052434	chr12	110909996	110910006	51.2118
chr12	111443485	111599676	chr12	111443476	111443486	28.7787
chr12	112418351	112509918	chr12	112418346	112418356	64.4392
chr12	114353911	114408442	chr12	114353905	114353915	94.3375
chr12	114670255	114684175	chr12	114670255	114670265	98.7787
chr12	115957905	116277693	chr12	115957905	115957915	81.0077
chr12	117208142	117452170	chr12	117208135	117208145	80.1546
chr12	120978543	121002512	chr12	120978537	120978547	99.5895
chr12	123671110	123708399	chr12	123671103	123671113	99.9593
chr12	123762188	123935720	chr12	123762183	123762193	87.5351
chr12	124911604	124917368	chr12	124911604	124911614	11.2585
chr13	20187463	20192938	chr13	20187461	20187471	94.1777
chr13	20973036	21061586	chr13	20973031	20973041	93.1596
chr13	24882279	24922889	chr13	24882272	24882282	67.6812
chr13	26254104	26420982	chr13	26254103	26254113	96.4535
chr13	28300346	28495145	chr13	28300343	28300353	84.0221
chr13	32586452	32778019	chr13	32586443	32586453	99.7654
chr13	37562583	37598844	chr13	37562583	37562593	86.6768
chr13	40555667	40666641	chr13	40555663	40555673	68.405
chr13	52377167	52416373	chr13	52377165	52377175	38.9523
chr13	72782133	73016461	chr13	72782132	72782142	92.0665
chr13	78598362	78603552	chr13	78598355	78598365	95.504
chr13	112067149	112071706	chr13	112067146	112067156	99.8501
chr14	23376773	23379772	chr14	23376771	23376781	90.4075
chr14	23381982	23408273	chr14	23381981	23381991	92.3412
chr14	23412740	23435660	chr14	23412741	23412751	95.9259
chr14	24336025	24340022	chr14	24336024	24336034	65.2482
chr14	31100117	31207804	chr14	31100114	31100124	99.8575
chr14	34709113	34714823	chr14	34709104	34709114	31.019
chr14	39175183	39183220	chr14	39175176	39175186	95.863
chr14	45135930	45200890	chr14	45135927	45135937	93.4958
chr14	49625174	49635244	chr14	49625172	49625182	82.6108
chr14	50719763	50831162	chr14	50719762	50719772	94.2394
chr14	53949736	53958761	chr14	53949732	53949742	98.374
chr14	58427385	58551297	chr14	58427382	58427392	97.7769
chr14	59188646	59371405	chr14	59188642	59188652	96.4214
chr14	61695513	61748259	chr14	61695512	61695522	95.3948
chr14	63371364	63543377	chr14	63371362	63371372	99.2725
chr14	63761899	64226433	chr14	63761892	63761902	48.1631
chr14	64388031	64463457	chr14	64388022	64388032	95.5088
chr14	65006174	65102695	chr14	65006172	65006182	87.645
chr14	67294371	67360265	chr14	67294363	67294373	39.2711
chr14	68787655	68796253	chr14	68787653	68787663	93.5805
chr14	72609034	72894101	chr14	72609032	72609042	96.3842
chr14	73136418	73223691	chr14	73136412	73136422	98.505
chr14	73275107	73466167	chr14	73275102	73275112	69.1875
chr14	74498183	74612378	chr14	74498177	74498187	94.9626
chr14	75633625	75955079	chr14	75633617	75633627	99.5836
chr14	75958097	75983011	chr14	75958097	75958107	95.5307
chr14	77335029	77377094	chr14	77335027	77335037	99.2437
chr14	80954989	81146306	chr14	80954986	80954996	52.8086
chr14	91869411	91947987	chr14	91869406	91869416	96.8574
chr14	100725705	100738224	chr14	100725703	100725713	73.4365
chr14	100779206	100861031	chr14	100779203	100779213	68.7275
chr14	101761709	101927989	chr14	101761703	101761713	99.678
chr14	102139503	102224847	chr14	102139503	102139513	94.0665
chr14	103121476	103137439	chr14	103121473	103121483	74.529
chr14	104769349	104795759	chr14	104769343	104769353	96.4883
chr14	105526583	105530198	chr14	105526583	105526593	83.9227
chr14	105620506	105626066	chr14	105620503	105620513	38.3366
chr15	32641676	32697098	chr15	32641669	32641679	96.1748
chr15	32718004	32745106	chr15	32717999	32718009	97.4171
chr15	34755062	34813505	chr15	34755059	34755069	99.3642
chr15	34790107	34795589	chr15	34790099	34790109	58.2541
chr15	36889204	37101299	chr15	36889199	36889209	98.8074
chr15	39581079	39599466	chr15	39581079	39581089	97.3502
chr15	40929340	40939073	chr15	40929332	40929342	97.8267
chr15	41848146	41894053	chr15	41848142	41848152	59.6972
chr15	43369221	43409771	chr15	43369212	43369222	87.8338
chr15	43599563	43618800	chr15	43599562	43599572	95.1686
chr15	45631148	45691281	chr15	45631142	45631152	33.0384
chr15	48408313	48645721	chr15	48408313	48408323	97.6849
chr15	48712928	48811146	chr15	48712923	48712933	93.1921
chr15	48823741	48963919	chr15	48823733	48823743	77.9787
chr15	56421544	56465137	chr15	56421542	56421552	15.2435
chr15	57953424	58497866	chr15	57953422	57953432	97.1133
chr15	63042620	63071915	chr15	63042611	63042621	97.3599
chr15	66386837	66491656	chr15	66386832	66386842	96.2384
chr15	66702236	66782849	chr15	66702232	66702242	98.9012
chr15	67063763	67195173	chr15	67063762	67063772	86.1989
chr15	69014695	69062762	chr15	69014691	69014701	27.6507
chr15	74179466	74212267	chr15	74179459	74179469	86.8207
chr15	74541206	74598131	chr15	74541199	74541209	99.0187
chr15	74719542	74725536	chr15	74719539	74719549	39.4176
chr15	78921058	78949574	chr15	78921058	78921068	80.9212
chr15	84817356	84873479	chr15	84817349	84817359	92.8281
chr15	87859751	88256791	chr15	87859749	87859759	95.4023
chr15	89243945	89317261	chr15	89243939	89243949	96.5024
chr15	89608789	89663086	chr15	89608789	89608799	92.6439
chr15	89749875	89751249	chr15	89749869	89749879	82.3633
chr15	89760591	89778754	chr15	89760589	89760599	91.9014
chr15	90388242	90502239	chr15	90388238	90388248	91.9863
chr15	94231538	94483952	chr15	94231531	94231541	92.6882
chr15	96325938	96340263	chr15	96325931	96325941	98.879
chr15	96333261	96333307	chr15	96333261	96333271	97.4835
chr15	99565417	99716488	chr15	99565415	99565425	94.9591
chr15	101289784	101525202	chr15	101289775	101289785	22.7489
chr16	84271	138677	chr16	84271	84281	14.6087
chr16	283164	287215	chr16	283160	283170	94.0733
chr16	287440	352723	chr16	287440	287450	93.6812
chr16	981444	986979	chr16	981440	981450	78.9425
chr16	1510427	1612072	chr16	1510419	1510429	78.6775
chr16	1959538	1961975	chr16	1959529	1959539	92.5807
chr16	2088708	2135898	chr16	2088699	2088709	73.8379
chr16	2155698	2178129	chr16	2155689	2155699	87.1498
chr16	2964216	2968380	chr16	2964209	2964219	85.9254
chr16	3725054	3880713	chr16	3725049	3725059	99.746
chr16	4777606	4788398	chr16	4777599	4777609	82.3588
chr16	5239802	7713340	chr16	5239799	5239809	97.444
chr16	8674596	8784575	chr16	8674593	8674603	96.486
chr16	8788823	8862534	chr16	8788823	8788833	89.3116
chr16	14071319	14266773	chr16	14071313	14071323	98.6842
chr16	15703135	15858438	chr16	15703133	15703143	96.3974
chr16	20933111	21159441	chr16	20933108	20933118	61.0411
chr16	21238874	21303083	chr16	21238869	21238879	39.4538
chr16	28499362	28512051	chr16	28499359	28499369	71.5135
chr16	30370934	30377991	chr16	30370929	30370939	90.6243
chr16	31201486	31203450	chr16	31201479	31201489	85.7268
chr16	31471585	31477960	chr16	31471579	31471589	59.0869
chr16	31527900	31528803	chr16	31527899	31527909	87.7158
chr16	46656132	46689518	chr16	46656128	46656138	29.8513
chr16	47461123	47701523	chr16	47461119	47461129	93.5965
chr16	50065967	50107272	chr16	50065959	50065969	87.7796
chr16	51135982	51152334	chr16	51135979	51135989	97.5956
chr16	54283304	54286787	chr16	54283298	54283308	95.3132
chr16	54930865	54934485	chr16	54930858	54930868	97.9673
chr16	55389700	55506691	chr16	55389698	55389708	16.3158
chr16	56465640	56582667	chr16	56465638	56465648	90.4608
chr16	56608584	56609497	chr16	56608578	56608588	90.152
chr16	57735739	57757244	chr16	57735738	57735748	96.7745
chr16	58157907	58198106	chr16	58157906	58157916	99.0937
chr16	58519951	58629885	chr16	58519946	58519956	83.9753
chr16	66366690	66404784	chr16	66366687	66366697	74.2263
chr16	67192155	67198918	chr16	67192147	67192157	94.1377
chr16	68636189	68727468	chr16	68636187	68636197	99.8185
chr16	68737292	68835537	chr16	68737287	68737297	95.619
chr16	69706996	69726668	chr16	69706987	69706997	32.3322
chr16	70802084	71230722	chr16	70802077	70802087	81.3952
chr16	72093613	72112912	chr16	72093611	72093621	86.5093
chr16	72112157	72176878	chr16	72112151	72112161	73.8026
chr16	75627474	75648643	chr16	75627472	75627482	59.7189
chr16	83719311	83819737	chr16	83719305	83719315	26.8933
chr16	84145287	84178767	chr16	84145285	84145295	89.697
chr16	86510527	86515422	chr16	86510524	86510534	98.6276
chr16	86566829	86569728	chr16	86566824	86566834	98.7528
chr16	88453280	88537031	chr16	88453272	88453282	89.0689
chr16	88677688	88686507	chr16	88677682	88677692	24.1119
chr16	89267619	89490561	chr16	89267612	89267622	95.7775
chr16	89912119	89920973	chr16	89912112	89912122	7.98666
chr16	89921392	89938761	chr16	89921392	89921402	71.4847
chr16	90056566	90092072	.	-1	-1	.
chr17	3472374	3503405	chr17	3472366	3472376	74.125
chr17	3510502	3557812	chr17	3510496	3510506	95.3216
chr17	3565444	3609411	chr17	3565436	3565446	66.8132
chr17	3636459	3663103	chr17	3636456	3636466	92.2052
chr17	6789133	6831761	chr17	6789131	6789141	24.5501
chr17	7225342	7234517	chr17	7225351	7225361	99.8657
chr17	7588178	7590094	chr17	7588172	7588182	81.2465
chr17	7661779	7687546	chr17	7661772	7661782	67.1425
chr17	7717744	7833742	chr17	7717742	7717752	95.3669
chr17	8120592	8124106	chr17	8120592	8120602	88.7673
chr17	10390322	10421950	chr17	10390313	10390323	74.0838
chr17	10628526	10657309	chr17	10628523	10628533	87.417
chr17	12665890	12768949	chr17	12665883	12665893	94.9105
chr17	16217191	16351797	chr17	16217186	16217196	89.8683
chr17	16380798	16382745	chr17	16380796	16380806	98.5025
chr17	18108756	18179802	chr17	18108756	18108766	90.9434
chr17	18327873	18363550	chr17	18327866	18327876	97.9105
chr17	27756766	27800529	chr17	27756764	27756774	92.0548
chr17	28041737	28196381	chr17	28041734	28041744	98.8803
chr17	28573115	28576948	chr17	28573112	28573122	95.6966
chr17	28725897	28743455	chr17	28725892	28725902	97.2228
chr17	30906344	30959945	chr17	30906342	30906352	90.7829
chr17	31094927	31382116	chr17	31094922	31094932	99.8935
chr17	31316410	31321749	chr17	31316402	31316412	78.3758
chr17	35543985	35560819	chr17	35543981	35543991	51.3177
chr17	38530031	38605952	chr17	38530025	38530035	99.0673
chr17	39063313	39154394	chr17	39063307	39063317	68.9955
chr17	39665349	39666554	chr17	39665347	39665357	94.2634
chr17	39671122	39696797	chr17	39671117	39671127	73.8589
chr17	40309180	40357643	chr17	40309178	40309188	99.6022
chr17	41476710	41481151	chr17	41476708	41476718	58.7832
chr17	41500981	41505705	chr17	41500978	41500988	94.7967
chr17	41754604	41786931	chr17	41754598	41754608	82.5161
chr17	42950526	42964498	chr17	42950523	42950533	81.6635
chr17	43044295	43170245	chr17	43044293	43044303	95.6381
chr17	43753738	43758791	chr17	43753732	43753742	89.3848
chr17	44070620	44082151	chr17	44070612	44070622	79.3604
chr17	44248390	44268141	chr17	44248382	44248392	89.5443
chr17	44557484	44561262	chr17	44557482	44557492	79.6158
chr17	44673069	44689779	chr17	44673062	44673072	81.6055
chr17	44798448	44830816	chr17	44798442	44798452	94.384
chr17	44849948	44899445	chr17	44849942	44849952	80.3242
chr17	45894527	46028334	chr17	45894524	45894534	94.52
chr17	46029916	46225389	chr17	46029914	46029924	96.8116
chr17	46762506	46833154	chr17	46762504	46762514	87.2851
chr17	48528526	48531011	chr17	48528518	48528528	89.3665
chr17	48762234	48817229	chr17	48762228	48762238	39.6024
chr17	50464496	50468906	chr17	50464489	50464499	77.2674
chr17	50862223	50867978	chr17	50862219	50862229	94.1481
chr17	55719627	55732121	chr17	55719619	55719629	73.4801
chr17	58205441	58219605	chr17	58205439	58205449	88.7803
chr17	58269855	58280935	chr17	58269849	58269859	91.7146
chr17	61399843	61409466	chr17	61399839	61399849	99.6386
chr17	63477061	63498380	chr17	63477059	63477069	89.9975
chr17	63682336	63741986	chr17	63682330	63682340	83.6325
chr17	63894909	63896661	chr17	63894900	63894910	75.5828
chr17	65528563	65561648	chr17	65528562	65528572	98.2886
chr17	70168673	70180044	chr17	70168669	70168679	97.0589
chr17	72121020	72126416	chr17	72121019	72121029	97.0306
chr17	74274234	74314884	chr17	74274231	74274241	95.3194
chr17	75441159	75500452	chr17	75441159	75441169	92.1591
chr17	75498548	75498628	chr17	75498539	75498549	95.0679
chr17	75587800	75626849	chr17	75587799	75587809	93.8851
chr17	76712832	76726799	chr17	76712828	76712838	95.3565
chr17	76734115	76737333	chr17	76734108	76734118	96.5822
chr17	80036632	80100613	chr17	80036631	80036641	99.6108
chr17	81509413	81523847	chr17	81509404	81509414	33.4274
chr17	82047902	82051831	chr17	82047894	82047904	3.70964
chr17	82239023	82273700	chr17	82239014	82239024	84.9484
chr18	580380	582114	chr18	580380	580390	82.6149
chr18	657653	673578	chr18	657650	657660	42.081
chr18	670318	712662	chr18	670310	670320	70.3094
chr18	12991362	13125052	chr18	12991361	12991371	53.9798
chr18	20944612	21111813	chr18	20944609	20944619	30.0898
chr18	21242232	21526112	chr18	21242229	21242239	98.3178
chr18	22169589	22202528	chr18	22169589	22169599	98.8008
chr18	27932879	28177946	chr18	27932876	27932886	66.8419
chr18	34493291	34891844	chr18	34493286	34493296	99.9323
chr18	50227193	50266495	chr18	50227190	50227200	88.8765
chr18	51028528	51085045	chr18	51028520	51028530	79.4735
chr18	55222185	55664787	chr18	55222179	55222189	82.319
chr18	57544377	57586732	chr18	57544368	57544378	60.0158
chr18	59430939	59697662	chr18	59430938	59430948	97.3616
chr18	70003031	70205726	chr18	70003024	70003034	73.2694
chr18	76822557	76972901	chr18	76822554	76822564	91.7376
chr18	79395856	79529325	chr18	79395850	79395860	97.1929
chr18	79970813	80033949	chr18	79970810	79970820	40.1468
chr18	80109262	80147523	chr18	80109256	80109266	96.448
chr19	589881	617159	chr19	589880	589890	96.8925
chr19	1026586	1039068	chr19	1026581	1026591	88.3895
chr19	1103982	1106791	chr19	1103981	1103991	97.4533
chr19	1383527	1395589	chr19	1383521	1383531	85.6133
chr19	1397026	1401570	chr19	1397021	1397031	62.4474
chr19	1446302	1473244	chr19	1446301	1446311	98.0438
chr19	1609291	1652615	.	-1	-1	.
chr19	3506311	3538334	chr19	3506302	3506312	90.9681
chr19	4090321	4124122	chr19	4090312	4090322	72.4726
chr19	4324043	4342786	chr19	4324043	4324053	91.0204
chr19	4472297	4502208	chr19	4472293	4472303	77.6649
chr19	5912339	5916211	chr19	5912339	5912349	50.1798
chr19	8580240	8610735	chr19	8580236	8580246	81.2892
chr19	8848844	9010390	chr19	8848844	8848854	78.6563
chr19	9247344	9252625	chr19	9247344	9247354	22.2154
chr19	10133342	10231286	chr19	10133334	10133344	67.6817
chr19	10718055	10833488	chr19	10718054	10718064	99.7489
chr19	10960932	11079426	chr19	10960924	10960934	79.1738
chr19	11199295	11262524	chr19	11199294	11199304	95.942
chr19	11420604	11435782	chr19	11420602	11420612	92.2277
chr19	11538767	11550323	chr19	11538765	11538775	90.6934
chr19	12938578	12944489	chr19	12938576	12938586	95.0249
chr19	12965159	12974760	chr19	12965156	12965166	42.6447
chr19	14408798	14419383	chr19	14408798	14408808	76.8509
chr19	15159038	15200995	chr19	15159029	15159039	45.9209
chr19	16324826	16328685	chr19	16324819	16324829	93.5379
chr19	18279694	18281622	chr19	18279690	18279700	69.6861
chr19	18868545	18896158	chr19	18868541	18868551	84.8386
chr19	35268962	35279821	chr19	35268957	35268967	98.5859
chr19	35641745	35644871	chr19	35641738	35641748	97.4789
chr19	35648323	35658782	chr19	35648318	35648328	93.6571
chr19	35825372	35869287	chr19	35825368	35825378	91.6518
chr19	36139953	36150353	chr19	36139948	36139958	74.1878
chr19	38587641	38618882	chr19	38587640	38587650	93.5209
chr19	41301587	41353922	chr19	41301585	41301595	97.0664
chr19	42325609	42378769	chr19	42325608	42325618	99.1359
chr19	47778677	47784686	chr19	47778673	47778683	68.247
chr19	48296457	48321971	chr19	48296453	48296463	42.6497
chr19	49340595	49362457	chr19	49340593	49340603	98.2463
chr19	51685363	51693456	chr19	51685357	51685367	24.6721
chr19	51889235	51905040	chr19	51889227	51889237	50.2747
chr19	52429148	52452315	chr19	52429147	52429157	93.8599
chr19	55151767	55157773	chr19	55151762	55151772	90.6998
chr19	56810077	56840728	chr19	56810072	56810082	90.6672
chr2	5692384	5701385	chr2	5692378	5692388	98.521
chr2	8678845	8684461	chr2	8678840	8678850	99.2209
chr2	11179759	11348330	chr2	11179754	11179764	98.2392
chr2	11444375	11466177	chr2	11444374	11444384	31.7533
chr2	15940550	15947007	chr2	15940548	15940558	99.5547
chr2	19910263	19990105	chr2	19910259	19910269	93.8278
chr2	21001429	21044073	chr2	21001428	21001438	93.1405
chr2	26401920	26456711	chr2	26401912	26401922	94.4581
chr2	27444377	27489805	chr2	27444373	27444383	88.947
chr2	28751640	28802940	chr2	28751634	28751644	93.8794
chr2	30231534	30323730	chr2	30231534	30231544	91.8031
chr2	32946953	33399509	chr2	32946953	32946963	87.7521
chr2	38066973	38109902	chr2	38066967	38066977	95.0109
chr2	38962206	39124345	chr2	38962199	38962209	65.5419
chr2	40097270	40611053	chr2	40097270	40097280	95.7928
chr2	42767089	42792593	chr2	42767080	42767090	62.7196
chr2	43222402	43226606	chr2	43222401	43222411	93.8348
chr2	46293667	46386697	chr2	46293661	46293671	79.1332
chr2	46580937	46617055	chr2	46580931	46580941	96.8821
chr2	47345158	47387601	chr2	47345151	47345161	99.1876
chr2	54972187	55112621	chr2	54972184	54972194	88.6243
chr2	58159243	58241410	chr2	58159235	58159245	76.2289
chr2	61187463	61471087	chr2	61187455	61187465	97.8929
chr2	63119559	63827843	chr2	63119555	63119565	43.6325
chr2	68157888	68176238	chr2	68157888	68157898	95.5472
chr2	70607618	70768225	chr2	70607618	70607628	95.4151
chr2	71453561	71686763	chr2	71453560	71453570	92.8204
chr2	73385758	73625166	chr2	73385752	73385762	96.1884
chr2	84516455	84819589	chr2	84516446	84516456	75.5349
chr2	85133392	85310387	chr2	85133387	85133397	92.9822
chr2	88067825	88113384	chr2	88067821	88067831	90.6684
chr2	104853287	104858574	chr2	104853282	104853292	88.9346
chr2	111898607	112029561	chr2	111898603	111898613	73.1303
chr2	113215997	113278921	chr2	113215993	113216003	49.5291
chr2	120735623	120992653	chr2	120735614	120735624	87.5411
chr2	121337776	121649476	chr2	121337774	121337784	95.9696
chr2	130521197	130528604	chr2	130521197	130521207	94.386
chr2	130592165	130599575	chr2	130592157	130592167	35.1015
chr2	135905881	135986100	chr2	135905880	135905890	65.4764
chr2	137964020	138016364	chr2	137964020	137964030	73.2026
chr2	142877657	143055833	chr2	142877651	142877661	85.1598
chr2	144364364	144521057	chr2	144364363	144364373	69.5123
chr2	157736251	157876330	chr2	157736248	157736258	81.1607
chr2	163593396	163736012	chr2	163593390	163593400	97.6992
chr2	165857475	165953851	chr2	165857470	165857480	53.8578
chr2	169127109	169362534	chr2	169127100	169127110	94.3691
chr2	170178145	170655171	chr2	170178140	170178150	94.5546
chr2	172735274	173052893	chr2	172735272	172735282	47.8876
chr2	178525989	178830802	chr2	178525983	178525993	99.062
chr2	182833275	182866637	chr2	182833273	182833283	96.5262
chr2	187341964	187448460	chr2	187341963	187341973	50.1797
chr2	188974373	189012746	chr2	188974364	188974374	99.7416
chr2	195737703	196068837	chr2	195737696	195737706	91.8656
chr2	202033855	202038441	chr2	202033847	202033857	96.6344
chr2	202376327	202567751	chr2	202376327	202376337	99.8914
chr2	215360440	215436073	chr2	215360437	215360447	66.0618
chr2	216498825	216579180	chr2	216498817	216498827	98.5775
chr2	218672069	218702716	chr2	218672067	218672077	96.7442
chr2	218710835	218755416	chr2	218710827	218710837	94.4497
chr2	218880852	218899581	chr2	218880848	218880858	97.2178
chr2	219418377	219426735	chr2	219418368	219418378	99.6968
chr2	222199887	222298998	chr2	222199881	222199891	95.8205
chr2	226731312	226799820	chr2	226731304	226731314	89.898
chr2	231108230	231125042	chr2	231108226	231108236	92.4913
chr2	237627587	237813682	chr2	237627587	237627597	93.4335
chr2	238244044	238290102	chr2	238244039	238244049	97.0234
chr2	238320441	238400897	chr2	238320439	238320449	97.5333
chr2	241675747	241686944	chr2	241675745	241675755	35.0977
chr20	325552	330224	chr20	325546	325556	98.8724
chr20	472498	543835	chr20	472496	472506	24.9791
chr20	3888839	3929887	chr20	3888833	3888843	90.9275
chr20	6767686	6780246	chr20	6767683	6767693	99.7687
chr20	10401009	10434222	chr20	10401002	10401012	69.1151
chr20	10637684	10673999	chr20	10637682	10637692	85.4286
chr20	23626706	23638473	chr20	23626703	23626713	62.8923
chr20	31573014	31606515	chr20	31573007	31573017	87.4751
chr20	37344685	37406050	chr20	37344677	37344687	98.3831
chr20	37983007	38033461	chr20	37982998	37983008	98.296
chr20	38962299	39039723	chr20	38962297	38962307	96.3624
chr20	45898621	45912155	chr20	45898621	45898631	85.9306
chr20	46008908	46016561	chr20	46008901	46008911	95.1239
chr20	48921711	49036693	chr20	48921703	48921713	98.5189
chr20	49982980	49988886	chr20	49982973	49982983	91.0376
chr20	51386957	51562831	chr20	51386953	51386963	77.7902
chr20	51782331	51802521	chr20	51782331	51782341	93.9008
chr20	56629306	56639283	chr20	56629304	56629314	94.0504
chr20	58689131	58719238	chr20	58689124	58689134	25.8598
chr20	62307955	62367312	chr20	62307954	62307964	79.7267
chr20	62463497	62475995	chr20	62463494	62463504	7.33693
chr20	63240784	63272694	chr20	63240778	63240788	3.01895
chr20	64047582	64049639	chr20	64047577	64047587	71.9769
chr21	25880535	26171128	chr21	25880529	25880539	95.7062
chr21	26835755	26845409	chr21	26835751	26835761	70.1267
chr21	29536933	29940033	chr21	29536929	29536939	80.9264
chr21	30165565	30166805	chr21	30165562	30165572	83.708
chr21	30829039	30829759	chr21	30829032	30829042	76.6442
chr21	31118416	31559977	chr21	31118412	31118422	94.8839
chr21	31659666	31668931	chr21	31659657	31659667	95.9486
chr21	33324387	33359864	chr21	33324385	33324395	91.8169
chr21	33403413	33479348	chr21	33403404	33403414	57.8592
chr21	33432485	33479974	chr21	33432483	33432493	72.4712
chr21	33503931	33543491	chr21	33503923	33503933	42.7682
chr21	33559542	33588706	chr21	33559534	33559544	72.682
chr21	33589341	33643926	chr21	33589334	33589344	91.1172
chr21	33903453	33915814	chr21	33903446	33903456	80.2386
chr21	34073224	34362252	chr21	34073220	34073230	85.1907
chr21	34375480	34416961	chr21	34375471	34375481	97.6967
chr21	34513142	34615113	chr21	34513142	34513152	86.501
chr21	34668994	34718227	chr21	34668991	34669001	92.5736
chr21	36069941	36073166	chr21	36069932	36069942	58.7002
chr21	36320189	36386148	chr21	36320182	36320192	88.1944
chr21	36385392	36419015	chr21	36385392	36385402	96.5413
chr21	36748626	36990236	chr21	36748619	36748629	95.0582
chr21	37006150	37019662	chr21	37006150	37006160	92.5323
chr21	37062846	37073170	chr21	37062840	37062850	37.7895
chr21	37073226	37203112	chr21	37073220	37073230	96.8404
chr21	37223420	37267919	chr21	37223419	37223429	18.4852
chr21	39445855	39515506	chr21	39445854	39445864	79.9538
chr21	39867438	39929397	chr21	39867434	39867444	87.0919
chr21	40010999	40847158	chr21	40010993	40011003	87.6265
chr21	43053191	43076943	chr21	43053190	43053200	8.44812
chr21	45073853	45226560	chr21	45073845	45073855	85.2478
chr21	45405165	45513720	chr21	45405165	45405175	86.4692
chr21	45493572	45573365	chr21	45493566	45493576	99.4821
chr21	45981770	46005050	chr21	45981766	45981776	94.5596
chr21	46098112	46132848	chr21	46098106	46098116	91.3275
chr21	46136160	46155579	chr21	46136156	46136166	8.41842
chr22	17178790	17258235	chr22	17178790	17178800	53.9871
chr22	18110100	18146683	chr22	18110094	18110104	45.2165
chr22	18912777	18936553	chr22	18912777	18912787	71.2693
chr22	19036282	19122454	chr22	19036277	19036287	88.1614
chr22	19179473	19291719	chr22	19179467	19179477	92.0582
chr22	19330698	19447450	chr22	19330697	19330707	98.4735
chr22	19479457	19520612	chr22	19479457	19479467	94.3315
chr22	19523024	19527545	chr22	19523017	19523027	95.8086
chr22	19756703	19783593	chr22	19756697	19756707	98.0098
chr22	19783223	19854939	chr22	19783217	19783227	67.0643
chr22	19941371	19969975	chr22	19941367	19941377	26.4552
chr22	19969896	20016823	chr22	19969887	19969897	87.7923
chr22	20080221	20111877	chr22	20080217	20080227	94.8838
chr22	20115938	20127355	chr22	20115937	20115947	23.9422
chr22	20129456	20148007	chr22	20129447	20129457	70.1899
chr22	20394115	20408461	chr22	20394110	20394120	92.9195
chr22	20707691	20859417	chr22	20707682	20707692	61.1057
chr22	20774113	20787720	chr22	20774112	20774122	83.375
chr22	20859007	20891214	chr22	20859002	20859012	94.8234
chr22	20917407	20953747	chr22	20917402	20917412	97.9378
chr22	20957092	20964881	chr22	20957092	20957102	17.4916
chr22	20965108	20981360	chr22	20965102	20965112	97.5633
chr22	20982269	20999032	chr22	20982261	20982271	95.0485
chr22	20999104	21002196	chr22	20999101	20999111	20.6172
chr22	21009808	21028013	chr22	21009801	21009811	23.33
chr22	21417371	21451463	chr22	21417371	21417381	98.5239
chr22	24270817	24417739	chr22	24270812	24270822	94.7318
chr22	24806169	24927578	chr22	24806163	24806173	88.2125
chr22	29073035	29168333	chr22	29073032	29073042	74.0081
chr22	29480218	29491390	chr22	29480211	29480221	99.4303
chr22	30607003	30627271	chr22	30607003	30607013	84.285
chr22	32801705	32863041	chr22	32801704	32801714	86.9852
chr22	35606764	35637951	chr22	35606763	35606773	74.8508
chr22	35738736	36028824	chr22	35738733	35738743	98.5018
chr22	37970686	37987422	chr22	37970683	37970693	62.0681
chr22	38200767	38216511	chr22	38200763	38200773	7.92739
chr22	38290691	38318084	chr22	38290684	38290694	94.2328
chr22	39399778	39437060	chr22	39399775	39399785	82.7575
chr22	40370591	40410289	chr22	40370586	40370596	95.3611
chr22	40679273	40682812	chr22	40679266	40679276	77.7366
chr22	41092510	41180077	chr22	41092506	41092516	99.4345
chr22	41367333	41399326	chr22	41367326	41367336	96.142
chr22	41561010	41577741	chr22	41561006	41561016	97.3343
chr22	41673933	41690504	chr22	41673926	41673936	82.8872
chr22	43528744	43812337	chr22	43528740	43528750	60.6947
chr22	45920366	45977162	chr22	45920360	45920370	91.7975
chr22	50090006	50161690	chr22	50090001	50090011	96.9961
chr22	50217689	50245023	chr22	50217681	50217691	52.5899
chr22	50525752	50530032	chr22	50525751	50525761	88.521
chr3	4493345	4847506	chr3	4493336	4493346	93.2458
chr3	8733802	8841808	chr3	8733794	8733804	91.4348
chr3	9397615	9479240	chr3	9397606	9397616	98.723
chr3	9933793	9945413	chr3	9933786	9933796	96.4271
chr3	12153068	12158912	chr3	12153060	12153070	84.3156
chr3	12557057	12586208	chr3	12557051	12557061	97.2349
chr3	12582101	12664201	chr3	12582101	12582111	90.1848
chr3	13549125	13638422	chr3	13549120	13549130	86.6318
chr3	14125015	14143680	chr3	14125010	14125020	99.5094
chr3	14145145	14178621	chr3	14145140	14145150	94.5258
chr3	14810853	14934571	chr3	14810853	14810863	96.0083
chr3	19879472	19947025	chr3	19879468	19879478	74.4286
chr3	24687887	25597932	chr3	24687879	24687889	14.0478
chr3	30606478	30694249	chr3	30606478	30606488	94.9046
chr3	33496245	33718356	chr3	33496238	33496248	62.7023
chr3	38453890	38493142	chr3	38453889	38453899	99.7962
chr3	38548057	38649743	chr3	38548049	38548059	95.6997
chr3	41194741	41260096	chr3	41194739	41194749	98.582
chr3	42257825	42266185	chr3	42257818	42257828	79.1676
chr3	46574534	46582457	chr3	46574530	46574540	82.8349
chr3	46835110	46882178	chr3	46835110	46835120	60.9372
chr3	47016428	47164113	chr3	47016420	47016430	94.8771
chr3	47381011	47413435	chr3	47381010	47381020	98.9231
chr3	48625723	48635493	chr3	48625717	48625727	87.7168
chr3	48636463	48662886	chr3	48636457	48636467	92.6302
chr3	49359139	49412998	chr3	49359137	49359147	95.3639
chr3	49468713	49535618	chr3	49468707	49468717	78.7799
chr3	52316319	52400492	chr3	52316314	52316324	68.194
chr3	52451100	52454041	chr3	52451094	52451104	94.7978
chr3	52545352	52685917	chr3	52545344	52545354	98.6707
chr3	52704955	52711148	chr3	52704954	52704964	88.1837
chr3	53328963	53813733	chr3	53328963	53328973	95.4638
chr3	55465715	55490539	chr3	55465712	55465722	96.7519
chr3	57293699	57544344	chr3	57293692	57293702	30.3689
chr3	63228315	63616924	chr3	63228314	63228324	40.1604
chr3	64515654	64688000	chr3	64515654	64515664	95.0324
chr3	70954693	71583978	chr3	70954689	70954699	97.7585
chr3	81489703	81761645	chr3	81489699	81489709	82.1601
chr3	119524293	119559614	chr3	119524293	119524303	60.0908
chr3	119821321	120094994	chr3	119821313	119821323	97.9003
chr3	121769761	121835079	chr3	121769753	121769763	76.7644
chr3	127689062	128052190	chr3	127689057	127689067	71.5526
chr3	129555214	129606676	chr3	129555207	129555217	97.7496
chr3	132680609	132722432	chr3	132680606	132680616	32.0767
chr3	133746040	133796641	chr3	133746036	133746046	81.6974
chr3	142449007	142578733	chr3	142448998	142449008	71.7726
chr3	146035139	146163725	chr3	146035133	146035143	8.59712
chr3	148697784	148743008	chr3	148697783	148697793	97.8276
chr3	158095905	158106420	chr3	158095901	158095911	92.5918
chr3	171600404	171810950	chr3	171600400	171600410	96.0087
chr3	180602858	180684942	chr3	180602852	180602862	87.5087
chr3	180989510	181836880	chr3	180989502	180989512	84.6413
chr3	186842704	186858463	chr3	186842701	186842711	92.4852
chr3	187217282	187291980	chr3	187217282	187217292	98.7612
chr3	187668912	187670394	chr3	187668912	187668922	93.8651
chr3	188153284	188890671	chr3	188153282	188153292	71.2126
chr3	192139390	192767764	chr3	192139381	192139391	95.1203
chr3	193593144	193697811	chr3	193593141	193593151	96.3623
chr3	196739857	196832647	chr3	196739849	196739859	89.6475
chr4	625573	670782	chr4	625571	625581	42.3126
chr4	3041363	3243957	chr4	3041363	3041373	29.5261
chr4	4415742	4542346	chr4	4415733	4415743	18.3167
chr4	4542090	4821468	chr4	4542083	4542093	89.408
chr4	4859665	4863936	chr4	4859663	4859673	93.4834
chr4	5542772	5709548	chr4	5542763	5542773	59.7695
chr4	5711201	5814305	chr4	5711193	5711203	97.6645
chr4	6693878	6697170	chr4	6693873	6693883	71.6128
chr4	9781634	9784009	chr4	9781626	9781636	91.7396
chr4	13627865	13627957	chr4	13627856	13627866	87.4534
chr4	15960245	15969309	chr4	15960237	15960247	22.141
chr4	25861830	25929813	chr4	25861828	25861838	91.9692
chr4	26163455	26435131	chr4	26163448	26163458	94.1401
chr4	39182504	39285810	chr4	39182500	39182510	94.1977
chr4	39287456	39366375	chr4	39287450	39287460	78.5314
chr4	39822863	39977956	chr4	39822860	39822870	97.5404
chr4	41744082	41748725	chr4	41744073	41744083	93.9811
chr4	47450787	47463702	chr4	47450783	47450793	94.3739
chr4	47593999	47838106	chr4	47593993	47594003	72.758
chr4	52051304	52097299	chr4	52051304	52051314	89.3577
chr4	54229280	54298245	chr4	54229273	54229283	97.8899
chr4	55078481	55125595	chr4	55078473	55078483	66.0826
chr4	55948871	56033361	chr4	55948864	55948874	91.0995
chr4	56647989	56681877	chr4	56647984	56647994	94.4106
chr4	67558727	67607337	chr4	67558722	67558732	96.7984
chr4	70360760	70367158	chr4	70360753	70360763	27.5106
chr4	73985966	73988276	chr4	73985963	73985973	14.8487
chr4	75859864	75902571	chr4	75859857	75859867	2.9956
chr4	76435229	76783253	chr4	76435227	76435237	79.1145
chr4	80266639	80336680	chr4	80266636	80266646	98.9288
chr4	89700345	89838315	chr4	89700339	89700349	43.0956
chr4	94451857	94668227	chr4	94451849	94451859	97.9416
chr4	101023409	101348278	chr4	101023403	101023413	98.4466
chr4	102501330	102617302	chr4	102501323	102501333	99.2021
chr4	108047545	108168956	chr4	108047544	108047554	83.1145
chr4	110617423	110642123	chr4	110617414	110617424	98.3152
chr4	122826682	122898236	chr4	122826675	122826685	89.042
chr4	127623271	127726737	chr4	127623265	127623275	66.594
chr4	127880893	127899224	chr4	127880885	127880895	93.8181
chr4	139301446	139420033	chr4	139301446	139301456	99.1212
chr4	139716753	140154184	chr4	139716746	139716756	82.6388
chr4	146638893	146642474	chr4	146638888	146638898	96.6934
chr4	153780591	153789083	chr4	153780588	153780598	96.0507
chr4	154535005	154550400	chr4	154534998	154535008	14.4604
chr4	158709127	158723396	chr4	158709118	158709128	90.7647
chr4	165873237	166104457	chr4	165873228	165873238	92.29
chr4	173331376	173334432	chr4	173331369	173331379	10.6811
chr4	173524969	173530229	chr4	173524969	173524979	91.5911
chr4	176683538	176792922	chr4	176683529	176683539	93.9579
chr4	182143987	182803024	chr4	182143987	182143997	92.7486
chr5	218303	257082	chr5	218295	218305	95.1617
chr5	1877413	1887236	chr5	1877406	1877416	81.1113
chr5	3595832	3601403	chr5	3595826	3595836	98.4783
chr5	7851186	7906025	chr5	7851177	7851187	73.6661
chr5	13690328	14011818	chr5	13690321	13690331	28.1111
chr5	35617844	35814611	chr5	35617838	35617848	89.6433
chr5	36876769	37066413	chr5	36876768	36876778	99.8787
chr5	37106228	37249376	chr5	37106228	37106238	96.0935
chr5	38937920	39074402	chr5	38937918	38937928	98.5076
chr5	44300247	44389706	chr5	44300238	44300248	77.7883
chr5	44388732	44413989	chr5	44388728	44388738	99.9273
chr5	51383448	51394730	chr5	51383446	51383456	98.8569
chr5	55231152	55233608	chr5	55231152	55231162	78.3553
chr5	75356345	75512138	chr5	75356345	75356355	95.7169
chr5	76716126	76735770	chr5	76716125	76716135	77.1065
chr5	78997564	79236038	chr5	78997557	78997567	84.1562
chr5	79069767	79090069	chr5	79069767	79069777	82.783
chr5	79111809	79132288	chr5	79111807	79111817	84.5621
chr5	80626226	80654983	chr5	80626221	80626231	17.1361
chr5	83471618	83582303	chr5	83471611	83471621	99.7344
chr5	87267883	87391931	chr5	87267883	87267893	91.0246
chr5	88717117	88904257	chr5	88717113	88717123	72.7592
chr5	90529344	91164437	chr5	90529343	90529353	71.8336
chr5	95751319	95822726	chr5	95751316	95751326	56.9162
chr5	112707518	112846239	chr5	112707513	112707523	98.8148
chr5	128257909	128659185	chr5	128257908	128257918	99.6321
chr5	129460281	129738683	chr5	129460277	129460287	98.0926
chr5	132875395	132963634	chr5	132875388	132875398	96.6732
chr5	134193978	134226073	chr5	134193969	134193979	74.2155
chr5	134738495	134752157	chr5	134738490	134738500	92.7897
chr5	139293674	139331677	chr5	139293671	139293681	95.1904
chr5	141338760	141512975	chr5	141338753	141338763	87.6603
chr5	141355021	141512975	chr5	141355013	141355023	92.4988
chr5	141620876	141636849	chr5	141620873	141620883	94.0981
chr5	142592178	142698070	chr5	142592175	142592185	36.7356
chr5	146110566	146182696	chr5	146110557	146110567	15.0999
chr5	146447311	146511961	chr5	146447307	146447317	90.3608
chr5	146580742	147084784	chr5	146580737	146580747	52.7566
chr5	147880726	147906538	chr5	147880717	147880727	10.4062
chr5	149492982	149551471	chr5	149492977	149492987	27.3899
chr5	151504092	151591331	chr5	151504089	151504099	98.0663
chr5	154474972	154478227	chr5	154474970	154474980	81.4191
chr5	157395534	157575775	chr5	157395532	157395542	97.9334
chr5	168486451	168519301	chr5	168486445	168486455	86.2234
chr5	171419647	171457626	chr5	171419646	171419656	99.8299
chr5	172325000	172454525	chr5	172324996	172325006	66.8337
chr5	173232109	173235311	chr5	173232107	173232117	99.9632
chr5	174724582	174730896	chr5	174724577	174724587	96.6771
chr5	177086905	177098144	chr5	177086899	177086909	93.777
chr5	177131830	177300213	chr5	177131829	177131839	99.9158
chr5	177403204	177442901	chr5	177403199	177403209	89.9825
chr5	177483394	177497606	chr5	177483389	177483399	95.2064
chr5	179678628	179731641	chr5	179678619	179678629	96.3667
chr5	179732822	179777283	chr5	179732819	179732829	98.8718
chr5	180601506	180649624	chr5	180601500	180601510	61.4152
chr6	1609915	1613897	chr6	1609915	1609925	98.714
chr6	3223324	3231730	chr6	3223316	3223326	55.6358
chr6	7541326	7586717	chr6	7541317	7541327	91.7708
chr6	12290361	12297194	chr6	12290357	12290367	99.1581
chr6	15246069	15522042	chr6	15246069	15246079	98.8525
chr6	16299112	16761491	chr6	16299109	16299119	97.837
chr6	17615035	17706925	chr6	17615029	17615039	98.9992
chr6	21593751	21598619	chr6	21593749	21593759	98.3198
chr6	26054760	26056470	chr6	26054752	26054762	27.4346
chr6	31164337	31180731	chr6	31164333	31164343	93.1443
chr6	31575565	31578336	chr6	31575563	31575573	99.8713
chr6	31580525	31582522	chr6	31580523	31580533	87.5481
chr6	32041153	32115334	chr6	32041153	32041163	85.9245
chr6	32194843	32224067	chr6	32194843	32194853	84.9824
chr6	33620365	33696574	chr6	33620363	33620373	62.2196
chr6	35468401	35470785	chr6	35468393	35468403	93.3767
chr6	38715311	39030792	chr6	38715304	38715314	93.3226
chr6	39329990	39725408	chr6	39329984	39329994	37.4836
chr6	41072974	41102403	chr6	41072971	41072981	98.8031
chr6	42963865	42979181	chr6	42963862	42963872	91.6798
chr6	42984553	43012342	chr6	42984552	42984562	99.8861
chr6	43171269	43181506	chr6	43171262	43171272	99.7593
chr6	43477523	43506556	chr6	43477522	43477532	96.3266
chr6	43770184	43786487	chr6	43770183	43770193	79.3815
chr6	44254096	44257890	chr6	44254093	44254103	60.0498
chr6	50818723	50847619	chr6	50818717	50818727	99.971
chr6	51615299	52087613	chr6	51615292	51615302	82.2563
chr6	53497341	53616970	chr6	53497332	53497342	60.3184
chr6	57186992	57222307	chr6	57186992	57187002	97.761
chr6	63719980	65707226	chr6	63719974	63719984	63.0893
chr6	83552880	83709691	chr6	83552871	83552881	94.1318
chr6	84687351	84764598	chr6	84687342	84687352	69.1707
chr6	90513573	90587086	chr6	90513571	90513581	93.8478
chr6	96889315	96897891	chr6	96889314	96889324	94.8975
chr6	105096822	105137157	chr6	105096815	105096825	71.7591
chr6	105993463	106109939	chr6	105993455	105993465	83.2751
chr6	108984309	109094846	chr6	108984307	108984317	92.2682
chr6	113933028	114011308	chr6	113933026	113933036	14.8665
chr6	121435595	121449727	chr6	121435594	121435604	99.0123
chr6	123216339	123637189	chr6	123216335	123216345	34.1855
chr6	125747664	125761269	chr6	125747664	125747674	68.4433
chr6	131573966	131628242	chr6	131573960	131573970	79.1306
chr6	135283407	135498434	chr6	135283402	135283412	79.0609
chr6	138088505	138107419	chr6	138088503	138088513	81.7825
chr6	138795911	138904070	chr6	138795903	138795913	73.2281
chr6	139371807	139374648	chr6	139371803	139371813	97.114
chr6	143940300	144064599	chr6	143940293	143940303	72.5106
chr6	149218641	149411613	chr6	149218634	149218644	75.1984
chr6	151239967	151358559	chr6	151239965	151239975	91.0602
chr6	151656691	152129619	chr6	151656685	151656695	77.373
chr6	155256134	155314493	chr6	155256126	155256136	72.5701
chr6	156776020	157210779	chr6	156776016	156776026	92.1741
chr6	161347417	162727775	chr6	161347408	161347418	76.9497
chr6	166157656	166168700	chr6	166157652	166157662	77.0051
chr6	169215780	169254050	chr6	169215775	169215785	95.4683
chr6	169457212	169702067	chr6	169457205	169457215	2.68311
chr6	170282206	170306565	chr6	170282202	170282212	95.553
chr7	192571	260772	chr7	192570	192580	86.6692
chr7	497258	520296	chr7	497253	497263	77.3918
chr7	816615	896435	chr7	816613	816623	91.8324
chr7	2512529	2529177	chr7	2512526	2512536	89.7387
chr7	4682295	4771442	chr7	4682289	4682299	97.5175
chr7	6374527	6403967	chr7	6374519	6374529	99.9665
chr7	8433609	8752961	chr7	8433600	8433610	98.7541
chr7	15200317	15562015	chr7	15200315	15200325	22.0047
chr7	15611212	15686683	chr7	15611205	15611215	96.8714
chr7	16791811	16833433	chr7	16791806	16791816	69.5087
chr7	16916359	17346152	chr7	16916356	16916366	13.4201
chr7	19020991	19117636	chr7	19020987	19020997	30.0319
chr7	21543039	21901839	chr7	21543032	21543042	90.8119
chr7	21900899	21945903	chr7	21900892	21900902	59.532
chr7	25118656	25125260	chr7	25118651	25118661	79.3843
chr7	27092993	27096000	chr7	27092991	27093001	97.2206
chr7	27830573	28180795	chr7	27830571	27830581	97.3101
chr7	35202430	35254100	chr7	35202428	35202438	99.7602
chr7	37848597	37900397	chr7	37848588	37848598	24.1826
chr7	39950121	40099580	chr7	39950121	39950131	96.8461
chr7	41960949	42264100	chr7	41960942	41960952	94.8919
chr7	44138864	44141332	chr7	44138861	44138871	28.8676
chr7	45888360	45893660	chr7	45888351	45888361	93.5214
chr7	47740202	47948466	chr7	47740202	47740212	77.7033
chr7	55019017	55211628	chr7	55019017	55019027	96.0344
chr7	56080283	56092996	chr7	56080277	56080287	58.3887
chr7	65960684	65982215	chr7	65960683	65960693	93.8285
chr7	69598296	70793506	chr7	69598294	69598304	86.9177
chr7	74027789	74069907	chr7	74027780	74027790	97.6926
chr7	75027122	75074228	chr7	75027116	75027126	95.0142
chr7	75899200	75986855	chr7	75899192	75899202	83.4165
chr7	76461676	76505995	chr7	76461673	76461683	97.2351
chr7	80369575	80679277	chr7	80369574	80369584	46.8366
chr7	80742538	80922359	chr7	80742534	80742544	78.1942
chr7	83955777	84492724	chr7	83955774	83955784	91.5343
chr7	84995553	85187056	chr7	84995544	84995554	91.4746
chr7	87503017	87713323	chr7	87503014	87503024	53.471
chr7	91264433	91271326	chr7	91264425	91264435	99.2053
chr7	94907202	95296415	chr7	94907198	94907208	87.3792
chr7	99027440	99144108	chr7	99027437	99027447	98.4587
chr7	100092233	100101940	chr7	100092227	100092237	36.4923
chr7	100612102	100615384	chr7	100612097	100612107	97.5615
chr7	100720468	100723700	chr7	100720467	100720477	91.4661
chr7	105110704	105399308	chr7	105110703	105110713	82.4101
chr7	114922094	115019917	chr7	114922085	114922095	73.9417
chr7	116524994	116561179	chr7	116524986	116524996	99.6698
chr7	117275451	117323152	chr7	117275446	117275456	61.5393
chr7	128739292	128773400	chr7	128739286	128739296	97.8798
chr7	128830406	128859274	chr7	128830406	128830416	99.4013
chr7	129188633	129213545	chr7	129188629	129188639	99.9118
chr7	129225030	129430211	chr7	129225029	129225039	95.017
chr7	134646811	134679816	chr7	134646808	134646818	94.164
chr7	134744252	134970729	chr7	134744249	134744259	58.1651
chr7	137227341	137343774	chr7	137227333	137227343	93.1055
chr7	140453033	140479536	chr7	140453030	140453040	89.3154
chr7	140719327	140924929	chr7	140719320	140719330	94.5097
chr7	148807257	148884321	chr7	148807248	148807258	56.2277
chr7	149003062	149028662	chr7	149003058	149003068	34.4885
chr7	150944961	150978321	chr7	150944952	150944962	95.3158
chr7	150991017	151014588	chr7	150991012	150991022	76.3886
chr7	151238764	151277896	chr7	151238764	151238774	94.9578
chr7	152025674	152122347	chr7	152025665	152025675	83.4618
chr7	152134922	152436644	chr7	152134915	152134925	82.7006
chr8	2045046	2165552	chr8	2045045	2045055	26.6876
chr8	10723768	10730511	chr8	10723760	10723770	94.1364
chr8	11676959	11760002	chr8	11676951	11676961	92.2933
chr8	13083361	13604610	chr8	13083361	13083371	68.606
chr8	17922842	18029948	chr8	17922841	17922851	96.3992
chr8	19404161	19758029	chr8	19404159	19404169	96.7142
chr8	22165140	22212326	chr8	22165137	22165147	86.6989
chr8	23701740	23706756	chr8	23701737	23701747	54.0826
chr8	26291508	26372680	chr8	26291504	26291514	99.2367
chr8	27490781	27548615	chr8	27490773	27490783	75.8614
chr8	30774457	30814314	chr8	30774454	30774464	37.6125
chr8	31639222	32855666	chr8	31639214	31639224	96.1042
chr8	38386207	38409527	chr8	38386202	38386212	85.1222
chr8	38400215	38468834	chr8	38400212	38400222	86.8684
chr8	41261962	41309473	chr8	41261961	41261971	99.2226
chr8	41929479	42051994	chr8	41929472	41929482	99.3823
chr8	42374063	42377229	chr8	42374062	42374072	74.0299
chr8	54457935	54460892	chr8	54457930	54457940	96.179
chr8	54509422	54871720	chr8	54509420	54509430	49.6198
chr8	60678740	60868028	chr8	60678731	60678741	99.8783
chr8	67043079	67083783	chr8	67043075	67043085	99.4532
chr8	73294602	73325281	chr8	73294595	73294605	95.3371
chr8	79762371	79767857	chr8	79762365	79762375	76.5484
chr8	81478419	81483236	chr8	81478415	81478425	61.4893
chr8	85327608	85379014	chr8	85327601	85327611	57.3722
chr8	85373436	85449040	chr8	85373431	85373441	9.9334
chr8	91954972	92103385	chr8	91954972	91954982	91.1197
chr8	100157906	100259278	chr8	100157902	100157912	74.5256
chr8	101492439	101669726	chr8	101492432	101492442	99.8535
chr8	103298433	103332866	chr8	103298432	103298442	47.2378
chr8	104590733	105804539	chr8	104590732	104590742	49.6954
chr8	107249482	107498055	chr8	107249482	107249492	88.4362
chr8	109362461	109537207	chr8	109362461	109362471	91.5733
chr8	121612116	121641440	chr8	121612110	121612120	97.6197
chr8	124539101	124580648	chr8	124539099	124539109	96.2691
chr8	125024260	125091819	chr8	125024258	125024268	94.3351
chr8	127735434	127742951	chr8	127735434	127735444	96.5402
chr8	143017982	143023832	chr8	143017973	143017983	44.6638
chr8	143816344	143830709	chr8	143816340	143816350	57.6206
chr8	143833583	143840973	chr8	143833580	143833590	39.394
chr8	144466043	144474202	chr8	144466037	144466047	76.0601
chr8	144473412	144475849	chr8	144473407	144473417	93.6961
chr9	1980290	2193624	chr9	1980290	1980300	89.392
chr9	4490468	4587469	chr9	4490460	4490470	96.2712
chr9	15464066	15510995	chr9	15464062	15464072	96.9659
chr9	16409503	16870843	chr9	16409502	16409512	99.8155
chr9	17134982	17503923	chr9	17134982	17134992	90.5996
chr9	21967752	21995301	chr9	21967751	21967761	60.0095
chr9	27109141	27230174	chr9	27109132	27109142	99.9791
chr9	32540544	32552586	chr9	32540542	32540552	70.7938
chr9	34457414	34520988	chr9	34457412	34457422	99.7868
chr9	34709005	34710136	chr9	34709003	34709013	75.5467
chr9	35681992	35690056	chr9	35681983	35681993	96.7167
chr9	69035751	69079076	chr9	69035744	69035754	95.4279
chr9	75890644	76362975	chr9	75890644	75890654	99.6883
chr9	79571773	79726882	chr9	79571765	79571775	97.4828
chr9	81583683	81689547	chr9	81583675	81583685	96.387
chr9	83834099	83921465	chr9	83834095	83834105	73.152
chr9	83968083	83980631	chr9	83968075	83968085	87.2231
chr9	84668375	85095751	chr9	84668375	84668385	95.6995
chr9	89005771	89178818	chr9	89005765	89005775	93.7875
chr9	92210207	92293854	chr9	92210198	92210208	48.1621
chr9	93951627	93955355	chr9	93951618	93951628	95.3122
chr9	94030794	94109856	chr9	94030788	94030798	96.5526
chr9	95442980	95517057	chr9	95442978	95442988	79.5657
chr9	98943179	99070787	chr9	98943178	98943188	88.4495
chr9	99104038	99154192	chr9	99104038	99104048	99.9231
chr9	99979185	100099052	chr9	99979178	99979188	61.3427
chr9	100099243	100302175	chr9	100099238	100099248	99.1253
chr9	101420560	101449664	chr9	101420558	101420568	60.2368
chr9	104781006	104928155	chr9	104780999	104781009	91.2279
chr9	112380080	112472405	chr9	112380080	112380090	89.5682
chr9	113876282	114056593	chr9	113876280	113876290	99.2571
chr9	116687305	116701300	chr9	116687301	116687311	90.4522
chr9	120388875	120580170	chr9	120388872	120388882	84.008
chr9	121207794	121332843	chr9	121207792	121207802	65.9699
chr9	122370530	122395703	chr9	122370521	122370531	59.2523
chr9	122940833	123104866	chr9	122940831	122940841	87.7218
chr9	123356170	123380324	chr9	123356161	123356171	95.8509
chr9	125747345	125967377	chr9	125747341	125747351	99.2601
chr9	127794597	127814494	chr9	127794591	127794601	79.3975
chr9	127811130	127854773	chr9	127811121	127811131	16.1223
chr9	128882133	128918039	chr9	128882131	128882141	99.9979
chr9	128947699	129007096	chr9	128947691	128947701	97.4792
chr9	130713043	130887675	chr9	130713043	130713053	99.9968
chr9	132891348	132946874	chr9	132891343	132891353	97.294
chr9	133761894	133992604	chr9	133761888	133761898	95.7505
chr9	134135365	134159968	chr9	134135358	134135368	41.0141
chr9	134317098	134440585	chr9	134317094	134317104	79.5692
chr9	136322303	136327642	chr9	136322546	136322556	70.2957
chr9	136494433	136546048	chr9	136494428	136494438	80.4771
chr9	136975092	136981742	chr9	136975088	136975098	87.5547
chr9	137618992	137870016	chr9	137618988	137618998	99.7586
chrX	10445310	10833654	chrX	10445310	10445320	90.2365
chrX	13734743	13777955	chrX	13734741	13734751	82.7981
chrX	15345596	15384413	chrX	15345588	15345598	93.3378
chrX	17375200	17735994	chrX	17375197	17375207	99.9336
chrX	19343893	19361718	chrX	19343892	19343902	96.698
chrX	21705978	21758116	chrX	21705972	21705982	99.1238
chrX	24693873	24996986	chrX	24693873	24693883	99.3503
chrX	25003694	25016420	chrX	25003693	25003703	99.9966
chrX	31097677	33339609	chrX	31097673	31097683	79.8016
chrX	37685791	37732130	chrX	37685787	37685797	89.1405
chrX	37836757	37847571	chrX	37836757	37836767	77.6117
chrX	38269163	38327544	chrX	38269157	38269167	84.3657
chrX	40049815	40177329	chrX	40049807	40049817	81.3008
chrX	41085445	41236579	chrX	41085437	41085447	99.4759
chrX	41333348	41364472	chrX	41333347	41333357	93.31
chrX	41514934	41923554	chrX	41514927	41514937	99.7904
chrX	44873188	45112779	chrX	44873184	44873194	99.9831
chrX	47145221	47186813	chrX	47145221	47145231	99.9985
chrX	47582408	47586789	chrX	47582401	47582411	99.9585
chrX	48903180	48911958	chrX	48903173	48903183	95.9136
chrX	49235470	49250520	chrX	49235470	49235480	91.7281
chrX	53532096	53686752	chrX	53532089	53532099	94.5217
chrX	64185117	64205708	chrX	64185110	64185120	94.6308
chrX	68829021	68842160	chrX	68829017	68829027	96.3869
chrX	71254814	71301522	chrX	71254810	71254820	95.1106
chrX	101009346	101052116	chrX	101009341	101009351	89.4365
chrX	102125679	102140426	chrX	102125678	102125688	84.0676
chrX	103607451	103629690	chrX	103607442	103607452	91.2576
chrX	119468422	119471396	chrX	119468417	119468427	99.9375
chrX	137566127	137577691	chrX	137566121	137566131	99.9968
chrX	140502985	140505069	chrX	140502985	140502995	99.9869
chrX	147911919	147951125	chrX	147911912	147911922	98.7679
chrX	154021573	154137103	chrX	154021569	154021579	99.9526
chrX	154348524	154374634	chrX	154348522	154348532	95.7577
chrX	154411524	154421726	chrX	154411524	154411534	93.435
chrY	2786855	2787682	.	-1	-1	.
chrY	6910686	7101970	.	-1	-1	.
