chr1	1173880	1197936	chr1	1182173	1184675	0.044	1
chr1	1335276	1349418	chr1	1336578	1337872	0.019	1
chr1	2528745	2530263	.	-1	-1	.	-1
chr1	5862811	5992473	chr1	5887850	5890298	0.048	1
chr1	6101787	6180321	.	-1	-1	.	-1
chr1	8352397	8848921	chr1	8377313	8383705	0.385	1
chr1	10636604	10796650	chr1	10640740	10644591	0.332	1
chr1	11785723	11806455	chr1	11783437	11801745	0.642	1
chr1	11845709	11848345	chr1	11845360	11846283	0.043	1
chr1	11857464	11858945	.	-1	-1	.	-1
chr1	16740273	16972964	chr1	16906276	16907408	0.063	1
chr1	17018664	17054151	chr1	17051165	17052531	0.011	1
chr1	19215660	19251552	chr1	19232037	19234541	0.063	1
chr1	19338775	19485539	chr1	19341895	19349400	0.127	1
chr1	21822244	21937310	chr1	21833299	21834422	0.016	1
chr1	22052627	22101360	chr1	22054457	22057696	0.083	1
chr1	22117313	22143969	chr1	22122022	22123084	0.014	1
chr1	23380909	23424748	chr1	23387174	23388201	0.133	1
chr1	23557926	23559501	chr1	23552415	23557943	0.396	1
chr1	23743448	23762059	chr1	23753626	23755177	0.029	1
chr1	23964347	23980927	chr1	23964721	23966145	0.036	1
chr1	26280086	26281522	.	-1	-1	.	-1
chr1	26693236	26782104	chr1	26700613	26703415	0.146	1
chr1	27534035	27604431	chr1	27551950	27585094	0.906	1
chr1	28236109	28246906	chr1	28243586	28245643	0.119	1
chr1	31365253	31376850	chr1	31361016	31368090	0.598	1
chr1	32292083	32333635	chr1	32321784	32323988	0.042	1
chr1	34792999	34795747	chr1	34794497	34804760	0.13	1
chr1	36084094	36088275	.	-1	-1	.	-1
chr1	36155579	36180849	chr1	36178968	36181512	0.285	1
chr1	39623435	39639643	chr1	39634915	39638445	0.413	1
chr1	40161387	40240921	chr1	40162906	40164225	0.145	1
chr1	40691648	40771603	chr1	40696139	40697576	0.023	1
chr1	43300982	43323108	chr1	43308719	43310086	0.016	1
chr1	44819154	44843253	chr1	44821497	44823887	0.198	1
chr1	51354263	51519328	chr1	51410185	51411542	0.013	1
chr1	58776845	58784048	chr1	58781671	58782521	0.033	1
chr1	59893308	59926773	chr1	59907064	59908428	0.038	1
chr1	63523372	63572693	chr1	63538270	63539704	0.03	1
chr1	66812885	66924856	.	-1	-1	.	-1
chr1	70411218	70439851	.	-1	-1	.	-1
chr1	77888513	77943895	chr1	77891039	77905320	0.493	1
chr1	84498323	84506581	chr1	84498596	84502333	0.045	1
chr1	85580761	85584589	chr1	85583787	85590779	0.115	1
chr1	91680343	91906335	chr1	91692307	91695544	0.236	1
chr1	94896949	94927223	chr1	94897650	94899244	0.032	1
chr1	100325629	100520277	chr1	100395273	100397314	0.026	1
chr1	102876467	103108872	.	-1	-1	.	-1
chr1	103655760	103664554	.	-1	-1	.	-1
chr1	109249539	109275751	chr1	109251518	109256714	0.192	1
chr1	109656099	109665496	chr1	109657835	109659072	0.021	1
chr1	109733932	109741038	.	-1	-1	.	-1
chr1	111414319	111427735	.	-1	-1	.	-1
chr1	112466541	112530165	chr1	112501224	112504842	0.232	1
chr1	115698038	115837921	chr1	115699329	115700592	0.036	1
chr1	119911553	120100779	chr1	119935809	119936685	0.013	1
chr1	147541501	147626216	chr1	147543158	147544813	0.407	1
chr1	147756199	147773362	chr1	147762077	147764646	0.134	1
chr1	150265399	150269580	.	-1	-1	.	-1
chr1	153357854	153361023	.	-1	-1	.	-1
chr1	153390032	153391073	.	-1	-1	.	-1
chr1	153618779	153634412	chr1	153625009	153625548	0.025	1
chr1	154272355	154275875	.	-1	-1	.	-1
chr1	154581695	154628013	chr1	154621422	154623904	0.043	1
chr1	155127876	155134899	chr1	155129387	155133843	0.087	1
chr1	155897808	155911404	.	-1	-1	.	-1
chr1	156082572	156140081	chr1	156084077	156087226	0.085	1
chr1	156463727	156500779	chr1	156485710	156489099	0.71	1
chr1	156934840	157046903	.	-1	-1	.	-1
chr1	158831351	158849506	.	-1	-1	.	-1
chr1	159918107	159925507	chr1	159911869	159922217	0.55	1
chr1	160115759	160143591	chr1	160122180	160126394	0.187	1
chr1	160343294	160358952	chr1	160346326	160347551	0.011	1
chr1	160400564	160428678	chr1	160409559	160412506	0.091	1
chr1	160995211	161021175	chr1	160996964	160999677	0.072	1
chr1	161314381	161363206	chr1	161362247	161363186	0.019	1
chr1	162790702	162812823	.	-1	-1	.	-1
chr1	164555584	164899296	chr1	164561322	164568488	0.362	1
chr1	167220876	167427345	chr1	167243795	167245012	0.04	1
chr1	169722640	169764705	chr1	169739935	169741618	0.036	1
chr1	174999163	175012027	.	-1	-1	.	-1
chr1	179550539	179575952	.	-1	-1	.	-1
chr1	182378098	182392206	chr1	182379982	182382832	0.087	1
chr1	198638457	198759342	chr1	198656976	198660933	0.011	1
chr1	201359008	201377764	chr1	201365688	201371754	0.578	1
chr1	201403784	201429866	chr1	201414148	201419530	0.279	1
chr1	203626832	203744081	chr1	203628299	203632175	0.606	1
chr1	204073115	204127743	chr1	204101480	204109669	0.311	1
chr1	207034366	207081024	chr1	207056199	207060973	0.216	1
chr1	211658657	211675630	.	-1	-1	.	-1
chr1	212285410	212361853	chr1	212299659	212300305	0.026	1
chr1	213983181	214041510	chr1	213980921	213984653	0.234	1
chr1	215622891	216423448	chr1	215636016	215637645	0.028	1
chr1	216503246	217137755	chr1	216502030	216503545	0.058	1
chr1	218345336	218444619	chr1	218354684	218358544	0.206	1
chr1	219968600	220046530	chr1	220000589	220001964	0.037	1
chr1	223779893	223845954	chr1	223780120	223784581	0.202	1
chr1	224896262	225399292	chr1	225159354	225160975	0.026	1
chr1	225886282	225911382	.	-1	-1	.	-1
chr1	225936598	225941383	.	-1	-1	.	-1
chr1	226870184	226927726	chr1	226874523	226876495	0.239	1
chr1	227918656	227947932	chr1	227943183	227946398	0.247	1
chr1	228006998	228061271	.	-1	-1	.	-1
chr1	228139962	228148984	chr1	228141831	228142827	0.038	1
chr1	228208044	228378876	chr1	228209659	228212160	0.13	1
chr1	229430365	229434104	.	-1	-1	.	-1
chr1	236795260	236921278	chr1	236808189	236809707	0.082	1
chr1	243488233	243851079	chr1	243494887	243497841	0.151	1
chr10	8045378	8075198	chr10	8056305	8056898	0.039	1
chr10	11920022	12043170	chr10	11934370	11935740	0.018	1
chr10	16823966	17129811	chr10	16831691	16834658	0.092	1
chr10	27397121	27414368	.	-1	-1	.	-1
chr10	27775186	27999079	chr10	27856718	27857991	0.01	1
chr10	33177492	33336262	chr10	33178766	33181996	0.1	1
chr10	35638247	35642296	.	-1	-1	.	-1
chr10	44370165	44386493	chr10	44379738	44383543	0.061	1
chr10	46033307	46048180	.	-1	-1	.	-1
chr10	47487219	47491700	.	-1	-1	.	-1
chr10	50990888	52298423	chr10	50995611	50998866	0.094	1
chr10	60026298	60733490	chr10	60040145	60041996	0.03	1
chr10	67884656	67918390	.	-1	-1	.	-1
chr10	70431936	70447951	chr10	70429592	70433328	0.394	1
chr10	71396920	71815947	chr10	71413461	71414950	0.038	1
chr10	71508153	71511873	.	-1	-1	.	-1
chr10	73631612	73641474	.	-1	-1	.	-1
chr10	74824927	75032624	chr10	74836165	74837199	0.034	1
chr10	86755786	86932825	chr10	86758669	86760102	0.027	1
chr10	87862638	87971930	chr10	87865170	87866154	0.014	1
chr10	88934822	88991339	chr10	88934787	88937974	0.102	1
chr10	90912096	90921087	chr10	90906873	90914104	0.162	1
chr10	93073475	93077885	.	-1	-1	.	-1
chr10	93591687	93601744	.	-1	-1	.	-1
chr10	97766751	97771999	.	-1	-1	.	-1
chr10	100288149	100330264	.	-1	-1	.	-1
chr10	100463009	100483744	.	-1	-1	.	-1
chr10	101226994	101229463	.	-1	-1	.	-1
chr10	101354033	101557321	chr10	101357992	101359246	0.072	1
chr10	101770109	101780371	.	-1	-1	.	-1
chr10	102503972	102633535	chr10	102506485	102508680	0.032	1
chr10	110919367	111017307	chr10	110931831	110932602	0.024	1
chr10	112950247	113167678	chr10	112953375	112959365	0.382	1
chr10	119207571	119459745	chr10	119210030	119211356	0.339	1
chr10	120851305	120909524	chr10	120903706	120905359	0.027	1
chr10	121478332	121598458	chr10	121480940	121484040	0.032	1
chr10	122458551	122514907	chr10	122463024	122470214	0.183	1
chr10	125753580	125775821	.	-1	-1	.	-1
chr10	125823546	125853695	chr10	125830432	125831706	0.014	1
chr10	127737185	127741183	.	-1	-1	.	-1
chr10	129467190	129770983	chr10	129469448	129471232	0.098	1
chr10	130136391	130184521	.	-1	-1	.	-1
chr11	532242	537321	chr11	531231	532875	0.045	1
chr11	537527	554912	chr11	553895	555204	0.017	1
chr11	1838981	1841680	.	-1	-1	.	-1
chr11	1995165	2004552	chr11	1992595	1995344	0.32	1
chr11	2129112	2158391	chr11	2142738	2143696	0.164	1
chr11	2597308	2700003	chr11	2598979	2600989	0.057	1
chr11	5268345	5505652	chr11	5271801	5275121	0.029	1
chr11	6603708	6610874	chr11	6605920	6607441	0.305	1
chr11	6621330	6655809	chr11	6622950	6627767	0.058	1
chr11	8391868	8594289	.	-1	-1	.	-1
chr11	12094008	12362140	chr11	12259433	12261673	0.339	1
chr11	15966449	16739591	chr11	15988624	15989667	0.042	1
chr11	17365172	17389331	chr11	17382148	17385250	0.509	1
chr11	17719571	17722136	.	-1	-1	.	-1
chr11	31784779	31817961	.	-1	-1	.	-1
chr11	32387775	32435564	chr11	32387831	32391055	0.032	1
chr11	34438934	34472060	chr11	34441458	34443866	0.016	1
chr11	35138882	35232402	chr11	35177220	35181407	0.045	1
chr11	47214465	47239217	chr11	47216441	47217134	0.033	1
chr11	47331406	47352702	chr11	47324245	47351202	0.566	1
chr11	59171430	59208588	chr11	59186759	59191707	0.116	1
chr11	61752636	61788518	chr11	61767989	61772470	0.11	1
chr11	61792911	61797238	.	-1	-1	.	-1
chr11	62615296	62622154	.	-1	-1	.	-1
chr11	64234584	64239264	chr11	64237048	64239503	0.101	1
chr11	65040901	65044828	.	-1	-1	.	-1
chr11	65497606	65508073	chr11	65499905	65510035	0.66	1
chr11	65538559	65558930	chr11	65539330	65542423	0.259	1
chr11	65823022	65862026	chr11	65831292	65832140	0.035	1
chr11	66510606	66533613	chr11	66522866	66524975	0.085	1
chr11	67266473	67286556	chr11	67284744	67287046	0.065	1
chr11	67468174	67491154	chr11	67490444	67493445	0.123	1
chr11	67583742	67586656	chr11	67585954	67587352	0.062	1
chr11	68312591	68449275	chr11	68314108	68318975	0.384	1
chr11	68903863	68940602	chr11	68923050	68925284	0.098	1
chr11	69698238	69704022	.	-1	-1	.	-1
chr11	72189558	72196323	.	-1	-1	.	-1
chr11	72576141	72674591	chr11	72591479	72595951	0.04	1
chr11	76186325	76210736	chr11	76192224	76194133	0.132	1
chr11	85694224	85811159	chr11	85708232	85711604	0.079	1
chr11	95976598	96343195	chr11	95980841	95987825	0.24	1
chr11	102942995	102955732	.	-1	-1	.	-1
chr11	103109410	103479863	.	-1	-1	.	-1
chr11	113314579	113383544	chr11	113350879	113359902	0.055	1
chr11	113733187	113773735	chr11	113733136	113737497	0.073	1
chr11	114059041	114256765	chr11	114088429	114097601	0.211	1
chr11	114257787	114313536	chr11	114278468	114282951	0.158	1
chr11	116829706	116833072	chr11	116832122	116834613	0.047	1
chr11	116835751	116837622	.	-1	-1	.	-1
chr11	117199370	117207464	chr11	117203372	117205875	0.068	1
chr11	118436456	118526832	chr11	118440965	118445567	0.141	1
chr11	119084866	119093834	chr11	119091319	119093256	0.042	1
chr11	124739942	124747210	.	-1	-1	.	-1
chr11	124883691	124898500	chr11	124885190	124889803	0.181	1
chr11	128458761	128587558	chr11	128450794	128459048	0.335	1
chr11	134069071	134152001	chr11	134083730	134084875	0.169	1
chr12	280057	389320	chr12	280846	282385	0.086	1
chr12	1529891	1647212	chr12	1545696	1548273	0.029	1
chr12	1970772	2697950	chr12	1969574	1977798	0.582	1
chr12	2857680	2877174	.	-1	-1	.	-1
chr12	5531869	5946232	chr12	5563709	5569298	0.108	1
chr12	5948877	6124770	chr12	6052197	6055380	0.07	1
chr12	6913745	6923698	.	-1	-1	.	-1
chr12	7115736	7128889	chr12	7122057	7124893	0.034	1
chr12	8913896	8941467	.	-1	-1	.	-1
chr12	10212458	10223128	chr12	10219476	10221241	0.127	1
chr12	12116025	12267044	chr12	12182450	12183617	0.03	1
chr12	15107783	15348675	chr12	15127420	15128769	0.037	1
chr12	16347142	16609259	chr12	16385893	16388619	0.045	1
chr12	21764955	21775600	chr12	21764201	21773321	0.139	1
chr12	23529504	24562544	chr12	23568456	23569907	0.03	1
chr12	25205246	25250936	chr12	25235530	25237013	0.037	1
chr12	28133249	28581511	chr12	28252817	28255699	0.215	1
chr12	42081845	42144874	chr12	42103268	42104919	0.03	1
chr12	48904110	48931840	.	-1	-1	.	-1
chr12	48978322	48982620	chr12	48980622	48982474	0.032	1
chr12	49018975	49060794	chr12	49021542	49023768	0.055	1
chr12	51186936	51218062	chr12	51189802	51191237	0.027	1
chr12	51906908	51923361	chr12	51917032	51919158	0.204	1
chr12	52232520	52252186	chr12	52242271	52242877	0.04	1
chr12	52487176	52493257	.	-1	-1	.	-1
chr12	52897187	52949954	chr12	52906572	52908552	0.034	1
chr12	52948871	52952906	.	-1	-1	.	-1
chr12	53210567	53232980	chr12	53209092	53212207	0.045	1
chr12	53380176	53416446	chr12	53382138	53383751	0.077	1
chr12	53962308	53975055	.	-1	-1	.	-1
chr12	53994895	54003337	.	-1	-1	.	-1
chr12	54016931	54056030	chr12	54021409	54022440	0.074	1
chr12	54280193	54287088	.	-1	-1	.	-1
chr12	55966781	55972789	chr12	55970368	55972412	0.097	1
chr12	56076799	56103505	chr12	56086191	56089147	0.107	1
chr12	56202179	56221933	chr12	56204147	56207710	0.076	1
chr12	57095408	57132139	chr12	57090646	57097824	0.417	1
chr12	57128483	57213361	chr12	57144500	57146029	0.258	1
chr12	57459785	57472268	chr12	57461650	57463607	0.134	1
chr12	57475445	57517569	chr12	57475272	57476356	0.058	1
chr12	57604622	57609804	.	-1	-1	.	-1
chr12	57747727	57756013	chr12	57747423	57749557	0.025	1
chr12	57797376	57818734	chr12	57817971	57819027	0.04	1
chr12	69348381	69354234	.	-1	-1	.	-1
chr12	70243002	70354993	chr12	70272213	70273778	0.012	1
chr12	76858709	76879023	chr12	76862665	76864435	0.063	1
chr12	80792520	80937934	chr12	80829654	80831129	0.036	1
chr12	88049016	88142099	chr12	88057377	88059162	0.046	1
chr12	89419718	89526047	chr12	89450734	89456039	0.36	1
chr12	96194375	96269824	chr12	96230585	96239176	0.496	1
chr12	101568353	101686028	chr12	101567082	101568837	0.173	1
chr12	104117086	104138241	chr12	104131674	104133645	0.097	1
chr12	109448655	109477359	chr12	109456976	109457485	0.149	1
chr12	110280756	110351093	chr12	110283180	110292155	0.43	1
chr12	110614027	110663431	chr12	110645152	110646414	0.016	1
chr12	110909996	111052434	chr12	110922331	110935088	0.828	1
chr12	111443485	111599676	chr12	111467268	111468578	0.024	1
chr12	112418351	112509918	chr12	112468044	112471351	0.048	1
chr12	114353911	114408442	chr12	114355185	114356311	0.039	1
chr12	114670255	114684175	chr12	114675553	114677013	0.014	1
chr12	115957905	116277693	chr12	115962686	115963785	0.02	1
chr12	117208142	117452170	.	-1	-1	.	-1
chr12	120978543	121002512	.	-1	-1	.	-1
chr12	123671110	123708399	.	-1	-1	.	-1
chr12	123762188	123935720	chr12	123907888	123910082	0.026	1
chr12	124911604	124917368	chr12	124909926	124911909	0.069	1
chr13	20187463	20192938	.	-1	-1	.	-1
chr13	20973036	21061586	chr13	20980165	20981343	0.027	1
chr13	24882279	24922889	.	-1	-1	.	-1
chr13	26254104	26420982	chr13	26325270	26326961	0.012	1
chr13	28300346	28495145	chr13	28324133	28326500	0.155	1
chr13	32586452	32778019	chr13	32648604	32650372	0.045	1
chr13	37562583	37598844	.	-1	-1	.	-1
chr13	40555667	40666641	chr13	40558339	40559031	0.018	1
chr13	52377167	52416373	chr13	52366078	52378707	0.112	1
chr13	72782133	73016461	chr13	72888448	72889925	0.01	1
chr13	78598362	78603552	.	-1	-1	.	-1
chr13	112067149	112071706	.	-1	-1	.	-1
chr14	23376773	23379772	chr14	23378751	23387047	0.349	1
chr14	23381982	23408273	chr14	23390268	23406092	0.481	1
chr14	23412740	23435660	chr14	23419563	23434218	0.621	1
chr14	24336025	24340022	.	-1	-1	.	-1
chr14	31100117	31207804	chr14	31162761	31167542	0.112	1
chr14	34709113	34714823	chr14	34710700	34711683	0.121	1
chr14	39175183	39183220	.	-1	-1	.	-1
chr14	45135930	45200890	.	-1	-1	.	-1
chr14	49625174	49635244	.	-1	-1	.	-1
chr14	50719763	50831162	chr14	50739123	50740126	0.025	1
chr14	53949736	53958761	chr14	53950939	53951955	0.203	1
chr14	58427385	58551297	chr14	58509507	58510904	0.086	1
chr14	59188646	59371405	chr14	59207562	59211297	0.116	1
chr14	61695513	61748259	chr14	61702652	61703909	0.026	1
chr14	63371364	63543377	chr14	63370590	63372704	0.045	1
chr14	63761899	64226433	chr14	63855025	63856700	0.106	1
chr14	64388031	64463457	chr14	64391782	64395453	0.032	1
chr14	65006174	65102695	chr14	65019935	65022385	0.034	1
chr14	67294371	67360265	.	-1	-1	.	-1
chr14	68787655	68796253	chr14	68778726	68788050	0.3	1
chr14	72609034	72894101	chr14	72621544	72622148	0.014	1
chr14	73136418	73223691	chr14	73174103	73177419	0.051	1
chr14	73275107	73466167	chr14	73335420	73336301	0.025	1
chr14	74498183	74612378	chr14	74520700	74530667	0.071	1
chr14	75633625	75955079	chr14	75635865	75636779	0.013	1
chr14	75958097	75983011	.	-1	-1	.	-1
chr14	77335029	77377094	.	-1	-1	.	-1
chr14	80954989	81146306	.	-1	-1	.	-1
chr14	91869411	91947987	chr14	91871301	91873316	0.112	1
chr14	100725705	100738224	.	-1	-1	.	-1
chr14	100779206	100861031	chr14	100790990	100792955	0.018	1
chr14	101761709	101927989	chr14	101769719	101772172	0.076	1
chr14	102139503	102224847	chr14	102150173	102152001	0.046	1
chr14	103121476	103137439	chr14	103129075	103131247	0.132	1
chr14	104769349	104795759	chr14	104770848	104771814	0.138	1
chr14	105526583	105530198	chr14	105530123	105531492	0.018	1
chr14	105620506	105626066	chr14	105622092	105623182	0.021	1
chr15	32641676	32697098	chr15	32659074	32660866	0.032	1
chr15	32718004	32745106	.	-1	-1	.	-1
chr15	34755062	34813505	chr15	34788982	34791351	0.199	1
chr15	34790107	34795589	chr15	34788982	34791351	0.199	1
chr15	36889204	37101299	chr15	36888033	36889554	0.22	1
chr15	39581079	39599466	chr15	39585146	39586640	0.023	1
chr15	40929340	40939073	chr15	40930892	40945115	0.608	1
chr15	41848146	41894053	chr15	41868908	41871807	0.033	1
chr15	43369221	43409771	.	-1	-1	.	-1
chr15	43599563	43618800	.	-1	-1	.	-1
chr15	45631148	45691281	chr15	45636676	45638834	0.11	1
chr15	48408313	48645721	chr15	48418702	48422413	0.036	1
chr15	48712928	48811146	chr15	48784726	48786493	0.036	1
chr15	48823741	48963919	chr15	48861860	48863023	0.058	1
chr15	56421544	56465137	chr15	56428935	56429908	0.02	1
chr15	57953424	58497866	chr15	58038583	58039678	0.014	1
chr15	63042620	63071915	chr15	63050887	63058284	0.42	1
chr15	66386837	66491656	chr15	66401216	66402780	0.077	1
chr15	66702236	66782849	chr15	66703835	66707091	0.674	1
chr15	67063763	67195173	chr15	67067344	67070799	0.169	1
chr15	69014695	69062762	chr15	69058921	69061019	0.136	1
chr15	74179466	74212267	chr15	74180726	74182987	0.201	1
chr15	74541206	74598131	chr15	74558490	74560222	0.06	1
chr15	74719542	74725536	.	-1	-1	.	-1
chr15	78921058	78949574	chr15	78930617	78935388	0.094	1
chr15	84817356	84873479	chr15	84844722	84845995	0.091	1
chr15	87859751	88256791	chr15	87875305	87876712	0.016	1
chr15	89243945	89317261	.	-1	-1	.	-1
chr15	89608789	89663086	chr15	89662030	89663757	0.129	1
chr15	89749875	89751249	.	-1	-1	.	-1
chr15	89760591	89778754	chr15	89765766	89768710	0.063	1
chr15	90388242	90502239	chr15	90392318	90396381	0.146	1
chr15	94231538	94483952	chr15	94359376	94361060	0.012	1
chr15	96325938	96340263	chr15	96334760	96350274	0.535	1
chr15	96333261	96333307	.	-1	-1	.	-1
chr15	99565417	99716488	chr15	99568529	99569506	0.014	1
chr15	101289784	101525202	chr15	101356726	101360755	0.096	1
chr16	84271	138677	chr16	92130	97245	0.194	1
chr16	283164	287215	.	-1	-1	.	-1
chr16	287440	352723	chr16	318056	319220	0.015	1
chr16	981444	986979	chr16	986853	987633	0.014	1
chr16	1510427	1612072	chr16	1518414	1519639	0.023	1
chr16	1959538	1961975	.	-1	-1	.	-1
chr16	2088708	2135898	chr16	2121756	2127652	0.464	1
chr16	2155698	2178129	chr16	2167766	2172433	0.183	1
chr16	2964216	2968380	.	-1	-1	.	-1
chr16	3725054	3880713	chr16	3721774	3725499	0.086	1
chr16	4777606	4788398	.	-1	-1	.	-1
chr16	5239802	7713340	chr16	5351297	5353787	0.024	1
chr16	8674596	8784575	chr16	8684753	8687195	0.144	1
chr16	8788823	8862534	chr16	8856080	8860213	0.225	1
chr16	14071319	14266773	chr16	14095359	14097703	0.027	1
chr16	15703135	15858438	chr16	15701705	15708905	0.081	1
chr16	20933111	21159441	chr16	21033071	21034589	0.067	1
chr16	21238874	21303083	chr16	21260431	21262520	0.093	1
chr16	28499362	28512051	.	-1	-1	.	-1
chr16	30370934	30377991	chr16	30371764	30373276	0.116	1
chr16	31201486	31203450	.	-1	-1	.	-1
chr16	31471585	31477960	.	-1	-1	.	-1
chr16	31527900	31528803	.	-1	-1	.	-1
chr16	46656132	46689518	.	-1	-1	.	-1
chr16	47461123	47701523	chr16	47491761	47493393	0.115	1
chr16	50065967	50107272	chr16	50092935	50094636	0.04	1
chr16	51135982	51152334	chr16	51143926	51147738	0.084	1
chr16	54283304	54286787	chr16	54279618	54285263	0.181	1
chr16	54930865	54934485	.	-1	-1	.	-1
chr16	55389700	55506691	chr16	55465178	55465978	0.035	1
chr16	56465640	56582667	chr16	56514386	56515537	0.013	1
chr16	56608584	56609497	.	-1	-1	.	-1
chr16	57735739	57757244	chr16	57739251	57741367	0.046	1
chr16	58157907	58198106	.	-1	-1	.	-1
chr16	58519951	58629885	chr16	58532418	58534704	0.041	1
chr16	66366690	66404784	chr16	66380815	66384248	0.162	1
chr16	67192155	67198918	chr16	67196692	67197610	0.018	1
chr16	68636189	68727468	chr16	68642497	68643224	0.073	1
chr16	68737292	68835537	chr16	68760471	68761793	0.027	1
chr16	69706996	69726668	.	-1	-1	.	-1
chr16	70802084	71230722	chr16	70936650	70939036	0.061	1
chr16	72093613	72112912	.	-1	-1	.	-1
chr16	72112157	72176878	.	-1	-1	.	-1
chr16	75627474	75648643	.	-1	-1	.	-1
chr16	83719311	83819737	chr16	83727877	83730598	0.313	1
chr16	84145287	84178767	chr16	84151026	84152290	0.032	1
chr16	86510527	86515422	.	-1	-1	.	-1
chr16	86566829	86569728	chr16	86569261	86577008	0.441	1
chr16	88453280	88537031	chr16	88462022	88467417	0.235	1
chr16	88677688	88686507	.	-1	-1	.	-1
chr16	89267619	89490561	chr16	89299355	89305395	0.291	1
chr16	89912119	89920973	chr16	89914917	89916053	0.036	1
chr16	89921392	89938761	.	-1	-1	.	-1
chr16	90056566	90092072	chr16	90081733	90083001	0.122	1
chr17	3472374	3503405	chr17	3483143	3486751	0.013	1
chr17	3510502	3557812	chr17	3510662	3512352	0.206	1
chr17	3565444	3609411	.	-1	-1	.	-1
chr17	3636459	3663103	chr17	3639730	3642598	0.118	1
chr17	6789133	6831761	chr17	6798371	6798989	0.019	1
chr17	7225342	7234517	chr17	7226264	7227766	0.018	1
chr17	7588178	7590094	chr17	7585572	7588572	0.096	1
chr17	7661779	7687546	.	-1	-1	.	-1
chr17	7717744	7833742	chr17	7729735	7730707	0.019	1
chr17	8120592	8124106	chr17	8121561	8122584	0.031	1
chr17	10390322	10421950	.	-1	-1	.	-1
chr17	10628526	10657309	.	-1	-1	.	-1
chr17	12665890	12768949	chr17	12752282	12757484	0.145	1
chr17	16217191	16351797	chr17	16254857	16256261	0.114	1
chr17	16380798	16382745	.	-1	-1	.	-1
chr17	18108756	18179802	chr17	18150491	18151894	0.026	1
chr17	18327873	18363550	.	-1	-1	.	-1
chr17	27756766	27800529	chr17	27759531	27760304	0.021	1
chr17	28041737	28196381	chr17	28044338	28045287	0.153	1
chr17	28573115	28576948	chr17	28574616	28575385	0.128	1
chr17	28725897	28743455	chr17	28740367	28741265	0.02	1
chr17	30906344	30959945	chr17	30953821	30955336	0.081	1
chr17	31094927	31382116	chr17	31122634	31123279	0.016	1
chr17	31316410	31321749	.	-1	-1	.	-1
chr17	35543985	35560819	chr17	35551097	35551704	0.024	1
chr17	38530031	38605952	chr17	38531972	38533766	0.133	1
chr17	39063313	39154394	chr17	39064452	39065395	0.017	1
chr17	39665349	39666554	.	-1	-1	.	-1
chr17	39671122	39696797	chr17	39694582	39697435	0.139	1
chr17	40309180	40357643	chr17	40310693	40316780	0.616	1
chr17	41476710	41481151	.	-1	-1	.	-1
chr17	41500981	41505705	.	-1	-1	.	-1
chr17	41754604	41786931	chr17	41750890	41755030	0.056	1
chr17	42950526	42964498	.	-1	-1	.	-1
chr17	43044295	43170245	chr17	43068579	43069901	0.055	1
chr17	43753738	43758791	chr17	43753890	43757238	0.202	1
chr17	44070620	44082151	chr17	44073853	44078672	0.06	1
chr17	44248390	44268141	chr17	44263566	44266641	0.064	1
chr17	44557484	44561262	chr17	44559056	44560624	0.054	1
chr17	44673069	44689779	.	-1	-1	.	-1
chr17	44798448	44830816	chr17	44799283	44806384	0.365	1
chr17	44849948	44899445	chr17	44849440	44853456	0.154	1
chr17	45894527	46028334	chr17	45898959	45901631	0.093	1
chr17	46029916	46225389	chr17	46071999	46073717	0.114	1
chr17	46762506	46833154	chr17	46764004	46766248	0.104	1
chr17	48528526	48531011	.	-1	-1	.	-1
chr17	48762234	48817229	.	-1	-1	.	-1
chr17	50464496	50468906	.	-1	-1	.	-1
chr17	50862223	50867978	chr17	50858862	50864765	0.149	1
chr17	55719627	55732121	chr17	55720330	55721356	0.092	1
chr17	58205441	58219605	.	-1	-1	.	-1
chr17	58269855	58280935	.	-1	-1	.	-1
chr17	61399843	61409466	chr17	61401743	61407221	0.335	1
chr17	63477061	63498380	chr17	63478572	63479699	0.031	1
chr17	63682336	63741986	chr17	63696363	63697662	0.041	1
chr17	63894909	63896661	.	-1	-1	.	-1
chr17	65528563	65561648	chr17	65529576	65534393	0.226	1
chr17	70168673	70180044	chr17	70171034	70178718	0.18	1
chr17	72121020	72126416	chr17	72125749	72128404	0.064	1
chr17	74274234	74314884	chr17	74275789	74277234	0.069	1
chr17	75441159	75500452	chr17	75443651	75445889	0.121	1
chr17	75498548	75498628	chr17	75498144	75508388	0.632	1
chr17	75587800	75626849	chr17	75589557	75591718	0.087	1
chr17	76712832	76726799	chr17	76713557	76717894	0.168	1
chr17	76734115	76737333	.	-1	-1	.	-1
chr17	80036632	80100613	chr17	80049866	80051202	0.029	1
chr17	81509413	81523847	chr17	81508279	81509609	0.124	1
chr17	82047902	82051831	.	-1	-1	.	-1
chr17	82239023	82273700	chr17	82261466	82263502	0.035	1
chr18	580380	582114	.	-1	-1	.	-1
chr18	657653	673578	.	-1	-1	.	-1
chr18	670318	712662	chr18	692624	693646	0.014	1
chr18	12991362	13125052	chr18	13003323	13005325	0.04	1
chr18	20944612	21111813	chr18	21003487	21007598	0.354	1
chr18	21242232	21526112	chr18	21263360	21265268	0.029	1
chr18	22169589	22202528	chr18	22178162	22178718	0.443	1
chr18	27932879	28177946	chr18	27967818	27969362	0.042	1
chr18	34493291	34891844	chr18	34496007	34497242	0.029	1
chr18	50227193	50266495	.	-1	-1	.	-1
chr18	51028528	51085045	chr18	51043450	51044091	0.029	1
chr18	55222185	55664787	chr18	55217796	55226596	0.249	1
chr18	57544377	57586732	chr18	57581232	57585154	0.04	1
chr18	59430939	59697662	chr18	59466816	59472501	0.185	1
chr18	70003031	70205726	chr18	70005004	70006417	0.092	1
chr18	76822557	76972901	.	-1	-1	.	-1
chr18	79395856	79529325	chr18	79401891	79406910	0.246	1
chr18	79970813	80033949	chr18	80009438	80011543	0.107	1
chr18	80109262	80147523	chr18	80114674	80115711	0.083	1
chr19	589881	617159	chr19	597231	604228	0.176	1
chr19	1026586	1039068	.	-1	-1	.	-1
chr19	1103982	1106791	.	-1	-1	.	-1
chr19	1383527	1395589	chr19	1385490	1386304	0.124	1
chr19	1397026	1401570	.	-1	-1	.	-1
chr19	1446302	1473244	chr19	1467411	1473416	0.183	1
chr19	1609291	1652615	chr19	1618095	1619597	0.065	1
chr19	3506311	3538334	chr19	3508588	3509445	0.023	1
chr19	4090321	4124122	chr19	4089033	4090423	0.043	1
chr19	4324043	4342786	chr19	4326033	4326726	0.017	1
chr19	4472297	4502208	chr19	4496282	4511212	0.098	1
chr19	5912339	5916211	.	-1	-1	.	-1
chr19	8580240	8610735	.	-1	-1	.	-1
chr19	8848844	9010390	.	-1	-1	.	-1
chr19	9247344	9252625	.	-1	-1	.	-1
chr19	10133342	10231286	chr19	10225509	10228912	0.34	1
chr19	10718055	10833488	chr19	10724371	10728954	0.087	1
chr19	10960932	11079426	chr19	10975299	10976942	0.127	1
chr19	11199295	11262524	chr19	11199067	11201813	0.28	1
chr19	11420604	11435782	chr19	11420850	11424373	0.087	1
chr19	11538767	11550323	.	-1	-1	.	-1
chr19	12938578	12944489	.	-1	-1	.	-1
chr19	12965159	12974760	chr19	12973114	12975973	0.083	1
chr19	14408798	14419383	.	-1	-1	.	-1
chr19	15159038	15200995	chr19	15159489	15162344	0.115	1
chr19	16324826	16328685	chr19	16326339	16332806	0.386	1
chr19	18279694	18281622	.	-1	-1	.	-1
chr19	18868545	18896158	.	-1	-1	.	-1
chr19	35268962	35279821	.	-1	-1	.	-1
chr19	35641745	35644871	chr19	35643654	35646138	0.206	1
chr19	35648323	35658782	.	-1	-1	.	-1
chr19	35825372	35869287	.	-1	-1	.	-1
chr19	36139953	36150353	chr19	36149848	36150525	0.066	1
chr19	38587641	38618882	.	-1	-1	.	-1
chr19	41301587	41353922	chr19	41307722	41308688	0.036	1
chr19	42325609	42378769	chr19	42328073	42330632	0.106	1
chr19	47778677	47784686	chr19	47780200	47782847	0.203	1
chr19	48296457	48321971	chr19	48308690	48309882	0.026	1
chr19	49340595	49362457	.	-1	-1	.	-1
chr19	51685363	51693456	chr19	51687193	51691111	0.775	1
chr19	51889235	51905040	.	-1	-1	.	-1
chr19	52429148	52452315	.	-1	-1	.	-1
chr19	55151767	55157773	chr19	55150854	55155225	0.307	1
chr19	56810077	56840728	chr19	56837578	56839196	0.303	1
chr2	5692384	5701385	chr2	5697719	5698558	0.321	1
chr2	8678845	8684461	chr2	8683555	8687226	0.53	1
chr2	11179759	11348330	chr2	11239562	11240275	0.012	1
chr2	11444375	11466177	chr2	11458066	11459704	0.043	1
chr2	15940550	15947007	chr2	15943749	15945425	0.127	1
chr2	19910263	19990105	chr2	19929759	19931427	0.064	1
chr2	21001429	21044073	chr2	21025047	21027447	0.037	1
chr2	26401920	26456711	chr2	26421342	26422220	0.02	1
chr2	27444377	27489805	chr2	27444317	27448029	0.187	1
chr2	28751640	28802940	chr2	28765038	28767179	0.028	1
chr2	30231534	30323730	chr2	30271399	30275159	0.18	1
chr2	32946953	33399509	chr2	32951910	32955413	0.172	1
chr2	38066973	38109902	chr2	38070612	38071706	0.033	1
chr2	38962206	39124345	chr2	39015342	39020947	0.189	1
chr2	40097270	40611053	chr2	40102174	40103408	0.011	1
chr2	42767089	42792593	chr2	42767861	42768969	0.026	1
chr2	43222402	43226606	.	-1	-1	.	-1
chr2	46293667	46386697	chr2	46293231	46295384	0.021	1
chr2	46580937	46617055	.	-1	-1	.	-1
chr2	47345158	47387601	chr2	47346657	47348079	0.038	1
chr2	54972187	55112621	chr2	55027691	55029730	0.013	1
chr2	58159243	58241410	.	-1	-1	.	-1
chr2	61187463	61471087	chr2	61247066	61248640	0.053	1
chr2	63119559	63827843	chr2	63499427	63500987	0.052	1
chr2	68157888	68176238	.	-1	-1	.	-1
chr2	70607618	70768225	chr2	70694128	70695911	0.02	1
chr2	71453561	71686763	chr2	71455221	71465201	0.727	1
chr2	73385758	73625166	chr2	73594359	73595109	0.015	1
chr2	84516455	84819589	chr2	84528174	84531745	0.043	1
chr2	85133392	85310387	chr2	85135867	85137804	0.085	1
chr2	88067825	88113384	chr2	88073833	88079563	0.268	1
chr2	104853287	104858574	.	-1	-1	.	-1
chr2	111898607	112029561	chr2	111902734	111907490	0.212	1
chr2	113215997	113278921	chr2	113216441	113220256	0.133	1
chr2	120735623	120992653	chr2	120740519	120742678	0.158	1
chr2	121337776	121649476	chr2	121349135	121352480	0.168	1
chr2	130521197	130528604	.	-1	-1	.	-1
chr2	130592165	130599575	.	-1	-1	.	-1
chr2	135905881	135986100	chr2	135959461	135962816	0.041	1
chr2	137964020	138016364	chr2	137968510	137969559	0.012	1
chr2	142877657	143055833	.	-1	-1	.	-1
chr2	144364364	144521057	chr2	144376507	144383382	0.138	1
chr2	157736251	157876330	chr2	157783775	157788737	0.381	1
chr2	163593396	163736012	chr2	163611991	163615797	0.233	1
chr2	165857475	165953851	.	-1	-1	.	-1
chr2	169127109	169362534	chr2	169285358	169286821	0.018	1
chr2	170178145	170655171	chr2	170235750	170236589	0.022	1
chr2	172735274	173052893	chr2	172806040	172808430	0.057	1
chr2	178525989	178830802	chr2	178532314	178535141	0.025	1
chr2	182833275	182866637	chr2	182854098	182855451	0.033	1
chr2	187341964	187448460	chr2	187352421	187354083	0.046	1
chr2	188974373	189012746	chr2	188975872	188976591	0.199	1
chr2	195737703	196068837	.	-1	-1	.	-1
chr2	202033855	202038441	chr2	202038228	202040754	0.17	1
chr2	202376327	202567751	chr2	202378933	202380225	0.112	1
chr2	215360440	215436073	chr2	215423190	215424700	0.02	1
chr2	216498825	216579180	chr2	216518227	216521426	0.082	1
chr2	218672069	218702716	chr2	218690814	218692805	0.032	1
chr2	218710835	218755416	chr2	218716023	218718359	0.049	1
chr2	218880852	218899581	.	-1	-1	.	-1
chr2	219418377	219426735	chr2	219419876	219424684	0.21	1
chr2	222199887	222298998	chr2	222239801	222240681	0.015	1
chr2	226731312	226799820	chr2	226745654	226747206	0.011	1
chr2	231108230	231125042	.	-1	-1	.	-1
chr2	237627587	237813682	chr2	237660171	237665123	0.177	1
chr2	238244044	238290102	chr2	238260581	238266522	0.43	1
chr2	238320441	238400897	chr2	238378217	238380959	0.203	1
chr2	241675747	241686944	.	-1	-1	.	-1
chr20	325552	330224	chr20	327094	331516	0.261	1
chr20	472498	543835	chr20	506989	510159	0.027	1
chr20	3888839	3929887	chr20	3892477	3894149	0.03	1
chr20	6767686	6780246	chr20	6769364	6771399	0.038	1
chr20	10401009	10434222	.	-1	-1	.	-1
chr20	10637684	10673999	chr20	10638857	10644866	0.142	1
chr20	23626706	23638473	chr20	23633816	23636445	0.14	1
chr20	31573014	31606515	chr20	31586228	31598222	0.618	1
chr20	37344685	37406050	chr20	37392482	37394925	0.134	1
chr20	37983007	38033461	chr20	38021538	38022722	0.052	1
chr20	38962299	39039723	chr20	38969470	38971044	0.061	1
chr20	45898621	45912155	.	-1	-1	.	-1
chr20	46008908	46016561	.	-1	-1	.	-1
chr20	48921711	49036693	chr20	48928321	48934072	0.236	1
chr20	49982980	49988886	chr20	49984498	49991131	0.421	1
chr20	51386957	51562831	chr20	51388098	51390663	0.172	1
chr20	51782331	51802521	.	-1	-1	.	-1
chr20	56629306	56639283	.	-1	-1	.	-1
chr20	58689131	58719238	.	-1	-1	.	-1
chr20	62307955	62367312	chr20	62318100	62319749	0.032	1
chr20	62463497	62475995	chr20	62464272	62465152	0.015	1
chr20	63240784	63272694	.	-1	-1	.	-1
chr20	64047582	64049639	.	-1	-1	.	-1
chr21	25880535	26171128	chr21	25881483	25882337	0.023	1
chr21	26835755	26845409	chr21	26839237	26843909	0.12	1
chr21	29536933	29940033	.	-1	-1	.	-1
chr21	30165565	30166805	.	-1	-1	.	-1
chr21	30829039	30829759	.	-1	-1	.	-1
chr21	31118416	31559977	chr21	31120012	31122828	0.085	1
chr21	31659666	31668931	.	-1	-1	.	-1
chr21	33324387	33359864	chr21	33354512	33357612	0.08	1
chr21	33403413	33479348	chr21	33431881	33437291	0.195	1
chr21	33432485	33479974	chr21	33431881	33437291	0.195	1
chr21	33503931	33543491	.	-1	-1	.	-1
chr21	33559542	33588706	.	-1	-1	.	-1
chr21	33589341	33643926	chr21	33636583	33639006	0.018	1
chr21	33903453	33915814	chr21	33901302	33903838	0.061	1
chr21	34073224	34362252	chr21	34107819	34110540	0.039	1
chr21	34375480	34416961	.	-1	-1	.	-1
chr21	34513142	34615113	chr21	34530109	34532974	0.188	1
chr21	34668994	34718227	chr21	34690065	34691314	0.035	1
chr21	36069941	36073166	.	-1	-1	.	-1
chr21	36320189	36386148	chr21	36349675	36350592	0.014	1
chr21	36385392	36419015	.	-1	-1	.	-1
chr21	36748626	36990236	chr21	36751312	36751963	0.015	1
chr21	37006150	37019662	.	-1	-1	.	-1
chr21	37062846	37073170	chr21	37059971	37062960	0.069	1
chr21	37073226	37203112	chr21	37083095	37083746	0.03	1
chr21	37223420	37267919	chr21	37237548	37239269	0.053	1
chr21	39445855	39515506	chr21	39514345	39516429	0.149	1
chr21	39867438	39929397	chr21	39871595	39873430	0.064	1
chr21	40010999	40847158	chr21	40046373	40055707	0.209	1
chr21	43053191	43076943	chr21	43059116	43061074	0.024	1
chr21	45073853	45226560	chr21	45077844	45082232	0.081	1
chr21	45405165	45513720	chr21	45406636	45408565	0.076	1
chr21	45493572	45573365	chr21	45524702	45526450	0.059	1
chr21	45981770	46005050	chr21	45983236	45987752	0.097	1
chr21	46098112	46132848	chr21	46099618	46101278	0.053	1
chr21	46136160	46155579	chr21	46153113	46154067	0.065	1
chr22	17178790	17258235	chr22	17256468	17260322	0.178	1
chr22	18110100	18146683	chr22	18112292	18128028	0.437	1
chr22	18912777	18936553	chr22	18924387	18934796	0.422	1
chr22	19036282	19122454	.	-1	-1	.	-1
chr22	19179473	19291719	chr22	19180330	19182595	0.04	1
chr22	19330698	19447450	chr22	19328793	19331640	0.141	1
chr22	19479457	19520612	chr22	19496474	19497719	0.032	1
chr22	19523024	19527545	.	-1	-1	.	-1
chr22	19756703	19783593	.	-1	-1	.	-1
chr22	19783223	19854939	chr22	19811570	19812332	0.014	1
chr22	19941371	19969975	chr22	19947025	19948039	0.096	1
chr22	19969896	20016823	chr22	19981188	19985593	0.705	1
chr22	20080221	20111877	chr22	20082474	20084245	0.026	1
chr22	20115938	20127355	.	-1	-1	.	-1
chr22	20129456	20148007	chr22	20128107	20130306	0.055	1
chr22	20394115	20408461	chr22	20405216	20406910	0.068	1
chr22	20707691	20859417	chr22	20748035	20751861	0.056	1
chr22	20774113	20787720	chr22	20786012	20788826	0.051	1
chr22	20859007	20891214	chr22	20863901	20868459	0.201	1
chr22	20917407	20953747	chr22	20945299	20947449	0.066	1
chr22	20957092	20964881	.	-1	-1	.	-1
chr22	20965108	20981360	.	-1	-1	.	-1
chr22	20982269	20999032	chr22	20996254	20997754	0.019	1
chr22	20999104	21002196	.	-1	-1	.	-1
chr22	21009808	21028013	chr22	21011926	21012787	0.02	1
chr22	21417371	21451463	chr22	21443959	21445950	0.125	1
chr22	24270817	24417739	chr22	24284575	24292507	0.315	1
chr22	24806169	24927578	chr22	24807818	24811726	0.182	1
chr22	29073035	29168333	chr22	29075626	29081327	0.243	1
chr22	29480218	29491390	.	-1	-1	.	-1
chr22	30607003	30627271	chr22	30608703	30610765	0.049	1
chr22	32801705	32863041	chr22	32861058	32865686	0.033	1
chr22	35606764	35637951	chr22	35619008	35621061	0.441	1
chr22	35738736	36028824	chr22	35746335	35748533	0.291	1
chr22	37970686	37987422	chr22	37970635	37974487	0.046	1
chr22	38200767	38216511	chr22	38215034	38216545	0.225	1
chr22	38290691	38318084	chr22	38290858	38296826	0.125	1
chr22	39399778	39437060	chr22	39411682	39417435	0.124	1
chr22	40370591	40410289	chr22	40372434	40373262	0.068	1
chr22	40679273	40682812	chr22	40680772	40682782	0.042	1
chr22	41092510	41180077	chr22	41170102	41171018	0.015	1
chr22	41367333	41399326	chr22	41393424	41396766	0.133	1
chr22	41561010	41577741	chr22	41573378	41580773	0.138	1
chr22	41673933	41690504	chr22	41673838	41675578	0.065	1
chr22	43528744	43812337	chr22	43709532	43710419	0.014	1
chr22	45920366	45977162	chr22	45936661	45937600	0.01	1
chr22	50090006	50161690	chr22	50114261	50116299	0.045	1
chr22	50217689	50245023	.	-1	-1	.	-1
chr22	50525752	50530032	.	-1	-1	.	-1
chr3	4493345	4847506	chr3	4497556	4498965	0.022	1
chr3	8733802	8841808	chr3	8735435	8739317	0.158	1
chr3	9397615	9479240	chr3	9415361	9416565	0.027	1
chr3	9933793	9945413	chr3	9943224	9944704	0.018	1
chr3	12153068	12158912	chr3	12136641	12157851	0.489	1
chr3	12557057	12586208	chr3	12562727	12563866	0.056	1
chr3	12582101	12664201	chr3	12590212	12596012	0.116	1
chr3	13549125	13638422	chr3	13552318	13554509	0.075	1
chr3	14125015	14143680	chr3	14130098	14133716	0.032	1
chr3	14145145	14178621	chr3	14146489	14149261	0.303	1
chr3	14810853	14934571	chr3	14812914	14814350	0.105	1
chr3	19879472	19947025	chr3	19888592	19890005	0.063	1
chr3	24687887	25597932	chr3	24713265	24715598	0.048	1
chr3	30606478	30694249	chr3	30609982	30615501	0.139	1
chr3	33496245	33718356	chr3	33538564	33542179	0.043	1
chr3	38453890	38493142	chr3	38458400	38461816	0.333	1
chr3	38548057	38649743	chr3	38559289	38564325	0.215	1
chr3	41194741	41260096	chr3	41201509	41204089	0.064	1
chr3	42257825	42266185	.	-1	-1	.	-1
chr3	46574534	46582457	.	-1	-1	.	-1
chr3	46835110	46882178	chr3	46844404	46855761	0.39	1
chr3	47016428	47164113	chr3	47022153	47023249	0.024	1
chr3	47381011	47413435	chr3	47393772	47396227	0.088	1
chr3	48625723	48635493	chr3	48628771	48630750	0.098	1
chr3	48636463	48662886	chr3	48638908	48640241	0.03	1
chr3	49359139	49412998	chr3	49409447	49410428	0.053	1
chr3	49468713	49535618	chr3	49471631	49472705	0.059	1
chr3	52316319	52400492	chr3	52322724	52327226	0.034	1
chr3	52451100	52454041	chr3	52446527	52452570	0.436	1
chr3	52545352	52685917	chr3	52555149	52557437	0.028	1
chr3	52704955	52711148	.	-1	-1	.	-1
chr3	53328963	53813733	chr3	53328373	53329562	0.029	1
chr3	55465715	55490539	chr3	55471641	55472886	0.082	1
chr3	57293699	57544344	chr3	57451436	57452237	0.014	1
chr3	63228315	63616924	chr3	63327825	63329177	0.044	1
chr3	64515654	64688000	chr3	64546645	64550094	0.186	1
chr3	70954693	71583978	chr3	70979786	70985540	0.379	1
chr3	81489703	81761645	chr3	81490561	81491573	0.054	1
chr3	119524293	119559614	.	-1	-1	.	-1
chr3	119821321	120094994	chr3	119916471	119923626	0.057	1
chr3	121769761	121835079	chr3	121820941	121823054	0.037	1
chr3	127689062	128052190	chr3	127687609	127694146	0.23	1
chr3	129555214	129606676	chr3	129550696	129555723	0.256	1
chr3	132680609	132722432	chr3	132685024	132687662	0.091	1
chr3	133746040	133796641	chr3	133771967	133775188	0.057	1
chr3	142449007	142578733	.	-1	-1	.	-1
chr3	146035139	146163725	chr3	146106073	146109694	0.083	1
chr3	148697784	148743008	.	-1	-1	.	-1
chr3	158095905	158106420	chr3	158093877	158096054	0.021	1
chr3	171600404	171810950	chr3	171645920	171653047	0.195	1
chr3	180602858	180684942	chr3	180645871	180646567	0.021	1
chr3	180989510	181836880	chr3	181361670	181363977	0.075	1
chr3	186842704	186858463	.	-1	-1	.	-1
chr3	187217282	187291980	chr3	187223936	187225318	0.072	1
chr3	187668912	187670394	.	-1	-1	.	-1
chr3	188153284	188890671	chr3	188155557	188166877	0.359	1
chr3	192139390	192767764	chr3	192259693	192261940	0.033	1
chr3	193593144	193697811	.	-1	-1	.	-1
chr3	196739857	196832647	chr3	196741498	196743372	0.023	1
chr4	625573	670782	chr4	663445	664547	0.048	1
chr4	3041363	3243957	chr4	3040592	3042600	0.151	1
chr4	4415742	4542346	chr4	4516072	4518155	0.021	1
chr4	4542090	4821468	chr4	4573467	4576463	0.101	1
chr4	4859665	4863936	.	-1	-1	.	-1
chr4	5542772	5709548	chr4	5658371	5659765	0.051	1
chr4	5711201	5814305	chr4	5728396	5732691	0.068	1
chr4	6693878	6697170	chr4	6695377	6697715	0.164	1
chr4	9781634	9784009	.	-1	-1	.	-1
chr4	13627865	13627957	.	-1	-1	.	-1
chr4	15960245	15969309	.	-1	-1	.	-1
chr4	25861830	25929813	chr4	25867494	25868050	0.016	1
chr4	26163455	26435131	chr4	26190820	26193580	0.033	1
chr4	39182504	39285810	chr4	39194837	39195930	0.024	1
chr4	39287456	39366375	chr4	39307658	39309298	0.033	1
chr4	39822863	39977956	.	-1	-1	.	-1
chr4	41744082	41748725	.	-1	-1	.	-1
chr4	47450787	47463702	chr4	47451201	47452228	0.026	1
chr4	47593999	47838106	chr4	47700451	47706089	0.218	1
chr4	52051304	52097299	chr4	52079979	52081315	0.011	1
chr4	54229280	54298245	chr4	54236163	54238041	0.026	1
chr4	55078481	55125595	chr4	55105572	55113687	0.158	1
chr4	55948871	56033361	.	-1	-1	.	-1
chr4	56647989	56681877	chr4	56649123	56654102	0.177	1
chr4	67558727	67607337	chr4	67602546	67603351	0.013	1
chr4	70360760	70367158	.	-1	-1	.	-1
chr4	73985966	73988276	.	-1	-1	.	-1
chr4	75859864	75902571	.	-1	-1	.	-1
chr4	76435229	76783253	chr4	76458768	76460248	0.097	1
chr4	80266639	80336680	.	-1	-1	.	-1
chr4	89700345	89838315	.	-1	-1	.	-1
chr4	94451857	94668227	chr4	94457517	94462531	0.277	1
chr4	101023409	101348278	chr4	101102752	101104309	0.073	1
chr4	102501330	102617302	chr4	102503397	102508087	0.236	1
chr4	108047545	108168956	chr4	108113555	108117794	0.023	1
chr4	110617423	110642123	chr4	110616915	110619216	0.136	1
chr4	122826682	122898236	chr4	122841879	122843746	0.038	1
chr4	127623271	127726737	chr4	127624601	127626841	0.056	1
chr4	127880893	127899224	.	-1	-1	.	-1
chr4	139301446	139420033	chr4	139419162	139420630	0.026	1
chr4	139716753	140154184	chr4	139717252	139718143	0.026	1
chr4	146638893	146642474	.	-1	-1	.	-1
chr4	153780591	153789083	.	-1	-1	.	-1
chr4	154535005	154550400	.	-1	-1	.	-1
chr4	158709127	158723396	chr4	158718448	158719654	0.012	1
chr4	165873237	166104457	chr4	166087906	166090056	0.211	1
chr4	173331376	173334432	.	-1	-1	.	-1
chr4	173524969	173530229	chr4	173498940	173525769	0.831	1
chr4	176683538	176792922	chr4	176752671	176754103	0.026	1
chr4	182143987	182803024	chr4	182211523	182212884	0.031	1
chr5	218303	257082	.	-1	-1	.	-1
chr5	1877413	1887236	chr5	1859869	1879593	0.402	1
chr5	3595832	3601403	chr5	3597553	3598688	0.088	1
chr5	7851186	7906025	chr5	7881921	7884284	0.082	1
chr5	13690328	14011818	chr5	13976854	13977426	0.019	1
chr5	35617844	35814611	chr5	35788776	35790022	0.026	1
chr5	36876769	37066413	chr5	36878298	36879359	0.042	1
chr5	37106228	37249376	.	-1	-1	.	-1
chr5	38937920	39074402	chr5	39003251	39007562	0.205	1
chr5	44300247	44389706	chr5	44364965	44366806	0.078	1
chr5	44388732	44413989	.	-1	-1	.	-1
chr5	51383448	51394730	.	-1	-1	.	-1
chr5	55231152	55233608	.	-1	-1	.	-1
chr5	75356345	75512138	.	-1	-1	.	-1
chr5	76716126	76735770	chr5	76723986	76726083	0.229	1
chr5	78997564	79236038	chr5	79132199	79134769	0.11	1
chr5	79069767	79090069	.	-1	-1	.	-1
chr5	79111809	79132288	chr5	79132199	79134769	0.11	1
chr5	80626226	80654983	.	-1	-1	.	-1
chr5	83471618	83582303	chr5	83483118	83487054	0.121	1
chr5	87267883	87391931	chr5	87391848	87393545	0.048	1
chr5	88717117	88904257	chr5	88729954	88735587	0.209	1
chr5	90529344	91164437	chr5	90877578	90881271	0.229	1
chr5	95751319	95822726	chr5	95758300	95759220	0.014	1
chr5	112707518	112846239	chr5	112710700	112712776	0.01	1
chr5	128257909	128659185	chr5	128256419	128258044	0.038	1
chr5	129460281	129738683	chr5	129470135	129471204	0.027	1
chr5	132875395	132963634	chr5	132877470	132878945	0.08	1
chr5	134193978	134226073	chr5	134220847	134222348	0.042	1
chr5	134738495	134752157	.	-1	-1	.	-1
chr5	139293674	139331677	.	-1	-1	.	-1
chr5	141338760	141512975	chr5	141432117	141434878	0.07	1
chr5	141355021	141512975	chr5	141432117	141434878	0.07	1
chr5	141620876	141636849	.	-1	-1	.	-1
chr5	142592178	142698070	chr5	142630163	142632609	0.152	1
chr5	146110566	146182696	chr5	146124772	146130997	0.223	1
chr5	146447311	146511961	.	-1	-1	.	-1
chr5	146580742	147084784	chr5	146666515	146669410	0.05	1
chr5	147880726	147906538	chr5	147891787	147894152	0.038	1
chr5	149492982	149551471	chr5	149497263	149498188	0.058	1
chr5	151504092	151591331	chr5	151520998	151522068	0.023	1
chr5	154474972	154478227	chr5	154472254	154476764	0.299	1
chr5	157395534	157575775	chr5	157442755	157444132	0.05	1
chr5	168486451	168519301	.	-1	-1	.	-1
chr5	171419647	171457626	chr5	171443288	171456087	0.205	1
chr5	172325000	172454525	chr5	172370555	172372950	0.123	1
chr5	173232109	173235311	chr5	173226101	173233706	0.326	1
chr5	174724582	174730896	.	-1	-1	.	-1
chr5	177086905	177098144	chr5	177092141	177094018	0.032	1
chr5	177131830	177300213	chr5	177298486	177302206	0.116	1
chr5	177403204	177442901	chr5	177412641	177413173	0.021	1
chr5	177483394	177497606	chr5	177481449	177483514	0.047	1
chr5	179678628	179731641	.	-1	-1	.	-1
chr5	179732822	179777283	chr5	179754610	179755893	0.027	1
chr5	180601506	180649624	chr5	180622370	180625129	0.071	1
chr6	1609915	1613897	chr6	1611945	1624001	0.473	1
chr6	3223324	3231730	chr6	3221138	3223562	0.029	1
chr6	7541326	7586717	chr6	7544983	7550524	0.24	1
chr6	12290361	12297194	chr6	12291862	12294504	0.082	1
chr6	15246069	15522042	chr6	15250682	15252691	0.056	1
chr6	16299112	16761491	chr6	16302330	16304414	0.186	1
chr6	17615035	17706925	chr6	17623281	17625776	0.022	1
chr6	21593751	21598619	chr6	21595339	21601166	0.536	1
chr6	26054760	26056470	.	-1	-1	.	-1
chr6	31164337	31180731	chr6	31174631	31176233	0.028	1
chr6	31575565	31578336	.	-1	-1	.	-1
chr6	31580525	31582522	.	-1	-1	.	-1
chr6	32041153	32115334	chr6	32069168	32072571	0.202	1
chr6	32194843	32224067	.	-1	-1	.	-1
chr6	33620365	33696574	chr6	33632207	33635538	0.061	1
chr6	35468401	35470785	.	-1	-1	.	-1
chr6	38715311	39030792	chr6	38883145	38886639	0.051	1
chr6	39329990	39725408	chr6	39335234	39336964	0.032	1
chr6	41072974	41102403	.	-1	-1	.	-1
chr6	42963865	42979181	.	-1	-1	.	-1
chr6	42984553	43012342	chr6	43008066	43011755	0.083	1
chr6	43171269	43181506	.	-1	-1	.	-1
chr6	43477523	43506556	chr6	43480949	43482410	0.127	1
chr6	43770184	43786487	chr6	43786213	43788732	0.054	1
chr6	44254096	44257890	.	-1	-1	.	-1
chr6	50818723	50847619	.	-1	-1	.	-1
chr6	51615299	52087613	.	-1	-1	.	-1
chr6	53497341	53616970	chr6	53512318	53514285	0.024	1
chr6	57186992	57222307	.	-1	-1	.	-1
chr6	63719980	65707226	chr6	63743351	63744159	0.025	1
chr6	83552880	83709691	chr6	83685000	83686530	0.027	1
chr6	84687351	84764598	chr6	84686844	84687924	0.058	1
chr6	90513573	90587086	chr6	90534056	90535083	0.028	1
chr6	96889315	96897891	.	-1	-1	.	-1
chr6	105096822	105137157	chr6	105104879	105108829	0.283	1
chr6	105993463	106109939	chr6	105991423	105993733	0.088	1
chr6	108984309	109094846	chr6	108991883	108996629	0.101	1
chr6	113933028	114011308	chr6	114006004	114007909	0.078	1
chr6	121435595	121449727	chr6	121437191	121449749	0.719	1
chr6	123216339	123637189	chr6	123417352	123418472	0.041	1
chr6	125747664	125761269	chr6	125752580	125757892	0.245	1
chr6	131573966	131628242	.	-1	-1	.	-1
chr6	135283407	135498434	chr6	135286182	135288565	0.032	1
chr6	138088505	138107419	chr6	138088571	138090258	0.045	1
chr6	138795911	138904070	chr6	138817737	138818981	0.034	1
chr6	139371807	139374648	chr6	139369536	139372266	0.214	1
chr6	143940300	144064599	chr6	143951438	143959912	0.213	1
chr6	149218641	149411613	chr6	149227971	149230017	0.082	1
chr6	151239967	151358559	chr6	151257796	151258501	0.011	1
chr6	151656691	152129619	chr6	151702285	151703799	0.011	1
chr6	155256134	155314493	chr6	155268080	155268747	0.012	1
chr6	156776020	157210779	chr6	156790351	156793726	0.205	1
chr6	161347417	162727775	chr6	161359012	161361822	0.059	1
chr6	166157656	166168700	.	-1	-1	.	-1
chr6	169215780	169254050	chr6	169214753	169216273	0.223	1
chr6	169457212	169702067	chr6	169489006	169491183	0.014	1
chr6	170282206	170306565	chr6	170284769	170288973	0.194	1
chr7	192571	260772	chr7	199686	201335	0.021	1
chr7	497258	520296	chr7	497907	501726	0.035	1
chr7	816615	896435	chr7	821138	825433	0.218	1
chr7	2512529	2529177	chr7	2515713	2516362	0.015	1
chr7	4682295	4771442	chr7	4691324	4692964	0.016	1
chr7	6374527	6403967	chr7	6392537	6402381	0.43	1
chr7	8433609	8752961	.	-1	-1	.	-1
chr7	15200317	15562015	chr7	15463317	15464397	0.022	1
chr7	15611212	15686683	chr7	15669446	15685305	0.043	1
chr7	16791811	16833433	.	-1	-1	.	-1
chr7	16916359	17346152	chr7	16917541	16918701	0.038	1
chr7	19020991	19117636	chr7	19106475	19109005	0.057	1
chr7	21543039	21901839	chr7	21579103	21581418	0.083	1
chr7	21900899	21945903	chr7	21907600	21915397	0.184	1
chr7	25118656	25125260	.	-1	-1	.	-1
chr7	27092993	27096000	.	-1	-1	.	-1
chr7	27830573	28180795	chr7	27866852	27868587	0.041	1
chr7	35202430	35254100	chr7	35215869	35217382	0.011	1
chr7	37848597	37900397	.	-1	-1	.	-1
chr7	39950121	40099580	.	-1	-1	.	-1
chr7	41960949	42264100	chr7	41980623	41982287	0.02	1
chr7	44138864	44141332	chr7	44127701	44139536	0.5	1
chr7	45888360	45893660	.	-1	-1	.	-1
chr7	47740202	47948466	chr7	47750942	47751733	0.016	1
chr7	55019017	55211628	chr7	55020650	55023586	0.097	1
chr7	56080283	56092996	chr7	56090309	56091106	0.016	1
chr7	65960684	65982215	.	-1	-1	.	-1
chr7	69598296	70793506	chr7	69620870	69623677	0.038	1
chr7	74027789	74069907	chr7	74059565	74060784	0.078	1
chr7	75027122	75074228	chr7	75040813	75042726	0.038	1
chr7	75899200	75986855	chr7	75905412	75906814	0.06	1
chr7	76461676	76505995	.	-1	-1	.	-1
chr7	80369575	80679277	chr7	80432685	80435247	0.067	1
chr7	80742538	80922359	chr7	80772198	80773080	0.084	1
chr7	83955777	84492724	chr7	84021834	84027187	0.232	1
chr7	84995553	85187056	chr7	85070005	85072192	0.223	1
chr7	87503017	87713323	chr7	87691625	87701028	0.04	1
chr7	91264433	91271326	chr7	91265967	91268604	0.106	1
chr7	94907202	95296415	chr7	94933145	94934489	0.041	1
chr7	99027440	99144108	chr7	99027675	99031426	0.143	1
chr7	100092233	100101940	.	-1	-1	.	-1
chr7	100612102	100615384	chr7	100614714	100615420	0.035	1
chr7	100720468	100723700	.	-1	-1	.	-1
chr7	105110704	105399308	chr7	105111616	105113376	0.028	1
chr7	114922094	115019917	chr7	114942667	114949194	0.299	1
chr7	116524994	116561179	chr7	116544382	116550469	0.19	1
chr7	117275451	117323152	.	-1	-1	.	-1
chr7	128739292	128773400	chr7	128741832	128745107	0.164	1
chr7	128830406	128859274	chr7	128847163	128857345	0.062	1
chr7	129188633	129213545	.	-1	-1	.	-1
chr7	129225030	129430211	chr7	129315638	129316666	0.041	1
chr7	134646811	134679816	chr7	134669233	134671832	0.088	1
chr7	134744252	134970729	chr7	134745861	134746703	0.016	1
chr7	137227341	137343774	chr7	137304962	137307168	0.071	1
chr7	140453033	140479536	.	-1	-1	.	-1
chr7	140719327	140924929	chr7	140719400	140720736	0.02	1
chr7	148807257	148884321	chr7	148809377	148811583	0.01	1
chr7	149003062	149028662	.	-1	-1	.	-1
chr7	150944961	150978321	chr7	150957406	150959376	0.118	1
chr7	150991017	151014588	chr7	151006329	151009032	0.065	1
chr7	151238764	151277896	chr7	151241898	151247473	0.322	1
chr7	152025674	152122347	chr7	152107544	152108621	0.013	1
chr7	152134922	152436644	chr7	152136209	152140393	0.089	1
chr8	2045046	2165552	chr8	2065424	2077268	0.225	1
chr8	10723768	10730511	chr8	10725067	10727202	0.074	1
chr8	11676959	11760002	chr8	11705703	11706732	0.572	1
chr8	13083361	13604610	chr8	13086412	13088827	0.054	1
chr8	17922842	18029948	.	-1	-1	.	-1
chr8	19404161	19758029	chr8	19407763	19410042	0.309	1
chr8	22165140	22212326	chr8	22190249	22193410	0.04	1
chr8	23701740	23706756	.	-1	-1	.	-1
chr8	26291508	26372680	chr8	26302952	26304300	0.072	1
chr8	27490781	27548615	chr8	27498372	27501057	0.056	1
chr8	30774457	30814314	chr8	30777183	30779332	0.116	1
chr8	31639222	32855666	chr8	32205099	32209501	0.036	1
chr8	38386207	38409527	chr8	38403183	38406310	0.088	1
chr8	38400215	38468834	chr8	38411375	38416454	0.253	1
chr8	41261962	41309473	chr8	41263646	41265516	0.098	1
chr8	41929479	42051994	chr8	41937622	41941730	0.052	1
chr8	42374063	42377229	.	-1	-1	.	-1
chr8	54457935	54460892	chr8	54459434	54460966	0.098	1
chr8	54509422	54871720	chr8	54553679	54555133	0.048	1
chr8	60678740	60868028	chr8	60680277	60680982	0.014	1
chr8	67043079	67083783	.	-1	-1	.	-1
chr8	73294602	73325281	chr8	73300192	73305377	0.046	1
chr8	79762371	79767857	chr8	79762352	79764700	0.041	1
chr8	81478419	81483236	chr8	81478739	81480998	0.085	1
chr8	85327608	85379014	.	-1	-1	.	-1
chr8	85373436	85449040	.	-1	-1	.	-1
chr8	91954972	92103385	chr8	91955175	91956848	0.076	1
chr8	100157906	100259278	chr8	100234600	100236078	0.019	1
chr8	101492439	101669726	chr8	101500974	101501776	0.03	1
chr8	103298433	103332866	chr8	103309575	103315051	0.085	1
chr8	104590733	105804539	chr8	104668069	104670419	0.122	1
chr8	107249482	107498055	chr8	107372422	107373665	0.03	1
chr8	109362461	109537207	chr8	109365399	109377461	0.127	1
chr8	121612116	121641440	chr8	121631214	121632552	0.073	1
chr8	124539101	124580648	chr8	124559418	124561927	0.077	1
chr8	125024260	125091819	.	-1	-1	.	-1
chr8	127735434	127742951	chr8	127737719	127739023	0.047	1
chr8	143017982	143023832	chr8	143020056	143021048	0.102	1
chr8	143816344	143830709	chr8	143824782	143826530	0.132	1
chr8	143833583	143840973	.	-1	-1	.	-1
chr8	144466043	144474202	chr8	144472081	144474115	0.06	1
chr8	144473412	144475849	chr8	144472081	144474115	0.06	1
chr9	1980290	2193624	chr9	2016841	2020444	0.223	1
chr9	4490468	4587469	chr9	4548764	4551303	0.074	1
chr9	15464066	15510995	.	-1	-1	.	-1
chr9	16409503	16870843	chr9	16483783	16486664	0.016	1
chr9	17134982	17503923	.	-1	-1	.	-1
chr9	21967752	21995301	.	-1	-1	.	-1
chr9	27109141	27230174	chr9	27124098	27125900	0.24	1
chr9	32540544	32552586	.	-1	-1	.	-1
chr9	34457414	34520988	chr9	34500318	34501251	0.018	1
chr9	34709005	34710136	.	-1	-1	.	-1
chr9	35681992	35690056	chr9	35678632	35688403	0.196	1
chr9	69035751	69079076	chr9	69044019	69045342	0.086	1
chr9	75890644	76362975	chr9	75907326	75908783	0.035	1
chr9	79571773	79726882	chr9	79577626	79578742	0.037	1
chr9	81583683	81689547	chr9	81586297	81591774	0.091	1
chr9	83834099	83921465	.	-1	-1	.	-1
chr9	83968083	83980631	.	-1	-1	.	-1
chr9	84668375	85095751	chr9	84756097	84757058	0.013	1
chr9	89005771	89178818	chr9	89020363	89024298	0.128	1
chr9	92210207	92293854	.	-1	-1	.	-1
chr9	93951627	93955355	.	-1	-1	.	-1
chr9	94030794	94109856	chr9	94055981	94057484	0.032	1
chr9	95442980	95517057	chr9	95446444	95451761	0.133	1
chr9	98943179	99070787	chr9	98945275	98946922	0.013	1
chr9	99104038	99154192	chr9	99111670	99116130	0.03	1
chr9	99979185	100099052	chr9	100027874	100028613	0.022	1
chr9	100099243	100302175	chr9	100110865	100112292	0.043	1
chr9	101420560	101449664	chr9	101442182	101445919	0.14	1
chr9	104781006	104928155	chr9	104794823	104796424	0.021	1
chr9	112380080	112472405	chr9	112381877	112386428	0.163	1
chr9	113876282	114056593	chr9	113881933	113883398	0.029	1
chr9	116687305	116701300	chr9	116689007	116691661	0.122	1
chr9	120388875	120580170	chr9	120392510	120394633	0.036	1
chr9	121207794	121332843	chr9	121243881	121249675	0.071	1
chr9	122370530	122395703	chr9	122376821	122378766	0.201	1
chr9	122940833	123104866	chr9	122953583	122954963	0.017	1
chr9	123356170	123380324	chr9	123357759	123364854	0.101	1
chr9	125747345	125967377	chr9	125758442	125760905	0.184	1
chr9	127794597	127814494	chr9	127793085	127794927	0.049	1
chr9	127811130	127854773	chr9	127807967	127811232	0.123	1
chr9	128882133	128918039	chr9	128884001	128887205	0.115	1
chr9	128947699	129007096	chr9	128986432	128988668	0.035	1
chr9	130713043	130887675	chr9	130731643	130733252	0.026	1
chr9	132891348	132946874	.	-1	-1	.	-1
chr9	133761894	133992604	chr9	133768803	133771829	0.054	1
chr9	134135365	134159968	.	-1	-1	.	-1
chr9	134317098	134440585	chr9	134320253	134325079	0.281	1
chr9	136322303	136327642	chr9	136322551	136323686	0.021	1
chr9	136494433	136546048	chr9	136502909	136503934	0.014	1
chr9	136975092	136981742	chr9	136980342	136981492	0.125	1
chr9	137618992	137870016	chr9	137665141	137667561	0.059	1
chrX	10445310	10833654	chrX	10481806	10484161	0.213	1
chrX	13734743	13777955	chrX	13763584	13765383	0.077	1
chrX	15345596	15384413	chrX	15349804	15350936	0.029	1
chrX	17375200	17735994	chrX	17402888	17405029	0.059	1
chrX	19343893	19361718	.	-1	-1	.	-1
chrX	21705978	21758116	chrX	21708885	21713936	0.352	1
chrX	24693873	24996986	chrX	24797081	24801413	0.249	1
chrX	25003694	25016420	.	-1	-1	.	-1
chrX	31097677	33339609	chrX	31098956	31100634	0.011	1
chrX	37685791	37732130	.	-1	-1	.	-1
chrX	37836757	37847571	.	-1	-1	.	-1
chrX	38269163	38327544	.	-1	-1	.	-1
chrX	40049815	40177329	chrX	40087442	40090896	0.101	1
chrX	41085445	41236579	chrX	41107989	41109239	0.037	1
chrX	41333348	41364472	.	-1	-1	.	-1
chrX	41514934	41923554	chrX	41541885	41543236	0.029	1
chrX	44873188	45112779	chrX	45110201	45112364	0.048	1
chrX	47145221	47186813	.	-1	-1	.	-1
chrX	47582408	47586789	.	-1	-1	.	-1
chrX	48903180	48911958	.	-1	-1	.	-1
chrX	49235470	49250520	.	-1	-1	.	-1
chrX	53532096	53686752	chrX	53599238	53600968	0.016	1
chrX	64185117	64205708	chrX	64186438	64188226	0.068	1
chrX	68829021	68842160	chrX	68830496	68835500	0.17	1
chrX	71254814	71301522	.	-1	-1	.	-1
chrX	101009346	101052116	.	-1	-1	.	-1
chrX	102125679	102140426	.	-1	-1	.	-1
chrX	103607451	103629690	chrX	103623993	103624845	0.015	1
chrX	119468422	119471396	.	-1	-1	.	-1
chrX	137566127	137577691	chrX	137573692	137575396	0.015	1
chrX	140502985	140505069	.	-1	-1	.	-1
chrX	147911919	147951125	.	-1	-1	.	-1
chrX	154021573	154137103	chrX	154039679	154041081	0.025	1
chrX	154348524	154374634	chrX	154347050	154349703	0.109	1
chrX	154411524	154421726	.	-1	-1	.	-1
chrY	2786855	2787682	.	-1	-1	.	-1
chrY	6910686	7101970	.	-1	-1	.	-1
