chr1	1173880	1173881	chr1	1173880	1173890	95.2128
chr1	1335276	1335277	chr1	1335270	1335280	94.5652
chr1	2528745	2528746	chr1	2528741	2528751	72.2284
chr1	5862811	5862812	chr1	5862810	5862820	92.0369
chr1	6101787	6101788	chr1	6101780	6101790	79.6505
chr1	8352397	8352398	chr1	8352390	8352400	94.2356
chr1	10636604	10636605	chr1	10636603	10636613	98.5962
chr1	11785723	11785724	chr1	11785723	11785733	26.9431
chr1	11845709	11845710	chr1	11845703	11845713	92.9774
chr1	11857464	11857465	chr1	11857463	11857473	91.1465
chr1	16740273	16740274	chr1	16740265	16740275	49.2551
chr1	17018664	17018665	chr1	17018655	17018665	77.3188
chr1	19215660	19215661	chr1	19215656	19215666	31.0024
chr1	19338775	19338776	chr1	19338766	19338776	84.5784
chr1	21822244	21822245	chr1	21822237	21822247	85.8543
chr1	22052627	22052628	chr1	22052627	22052637	98.0353
chr1	22117313	22117314	chr1	22117307	22117317	98.8894
chr1	23380909	23380910	chr1	23380907	23380917	80.3777
chr1	23557926	23557927	chr1	23557919	23557929	85.5983
chr1	23743448	23743449	chr1	23743440	23743450	94.5815
chr1	23964347	23964348	chr1	23964340	23964350	65.7416
chr1	26280086	26280087	chr1	26280079	26280089	94.8923
chr1	26693236	26693237	chr1	26693229	26693239	99.8715
chr1	27534035	27534036	chr1	27534029	27534039	66.5547
chr1	28236109	28236110	chr1	28236109	28236119	89.9291
chr1	31365253	31365254	chr1	31365253	31365263	83.6693
chr1	32292083	32292084	chr1	32292079	32292089	98.41
chr1	34792999	34793000	chr1	34792999	34793009	93.9325
chr1	36084094	36084095	chr1	36084089	36084099	86.5795
chr1	36155579	36155580	chr1	36155579	36155589	86.4097
chr1	39623435	39623436	chr1	39623428	39623438	65.8626
chr1	40161387	40161388	chr1	40161378	40161388	99.1346
chr1	40691648	40691649	chr1	40691648	40691658	90.4177
chr1	43300982	43300983	chr1	43300979	43300989	85.8421
chr1	44819154	44819155	chr1	44819148	44819158	57.5494
chr1	51354263	51354264	chr1	51354258	51354268	65.4303
chr1	58776845	58776846	chr1	58776838	58776848	4.64121
chr1	59893308	59893309	chr1	59893308	59893318	64.9669
chr1	63523372	63523373	chr1	63523369	63523379	18.5594
chr1	66812885	66812886	chr1	66812877	66812887	60.4853
chr1	70411218	70411219	chr1	70411217	70411227	86.8783
chr1	77888513	77888514	chr1	77888505	77888515	96.0181
chr1	84498323	84498324	chr1	84498317	84498327	53.4195
chr1	85580761	85580762	chr1	85580757	85580767	99.0646
chr1	91680343	91680344	chr1	91680343	91680353	96.969
chr1	94896949	94896950	chr1	94896944	94896954	98.1126
chr1	100325629	100325630	chr1	100325624	100325634	64.164
chr1	102876467	102876468	chr1	102876464	102876474	99.5415
chr1	103655760	103655761	chr1	103655758	103655768	40.2393
chr1	109249539	109249540	chr1	109249538	109249548	98.2745
chr1	109656099	109656100	chr1	109656098	109656108	84.4414
chr1	109733932	109733933	chr1	109733928	109733938	5.63358
chr1	111414319	111414320	chr1	111414318	111414328	89.3769
chr1	112466541	112466542	chr1	112466538	112466548	49.0261
chr1	115698038	115698039	chr1	115698029	115698039	94.5291
chr1	119911553	119911554	chr1	119911547	119911557	83.6384
chr1	147541501	147541502	chr1	147541500	147541510	97.6668
chr1	147756199	147756200	chr1	147756197	147756207	77.0393
chr1	150265399	150265400	chr1	150265390	150265400	99.7234
chr1	153357854	153357855	chr1	153357854	153357864	89.0411
chr1	153390032	153390033	chr1	153390024	153390034	91.5867
chr1	153618779	153618780	chr1	153618774	153618784	87.9523
chr1	154272355	154272356	chr1	154272354	154272364	71.3341
chr1	154581695	154581696	chr1	154581694	154581704	32.7164
chr1	155127876	155127877	chr1	155127874	155127884	94.7685
chr1	155897808	155897809	chr1	155897799	155897809	86.8815
chr1	156082572	156082573	chr1	156082569	156082579	95.7024
chr1	156463727	156463728	chr1	156463718	156463728	94.4861
chr1	156934840	156934841	chr1	156934838	156934848	97.3376
chr1	158831351	158831352	chr1	158831350	158831360	20.1065
chr1	159918107	159918108	chr1	159918100	159918110	97.1669
chr1	160115759	160115760	chr1	160115750	160115760	96.007
chr1	160343294	160343295	chr1	160343290	160343300	96.8872
chr1	160400564	160400565	chr1	160400560	160400570	93.5144
chr1	160995211	160995212	chr1	160995210	160995220	67.7174
chr1	161314381	161314382	chr1	161314380	161314390	99.9283
chr1	162790702	162790703	chr1	162790700	162790710	95.7856
chr1	164555584	164555585	chr1	164555583	164555593	7.02131
chr1	167220876	167220877	chr1	167220873	167220883	98.7149
chr1	169722640	169722641	chr1	169722639	169722649	54.0629
chr1	174999163	174999164	chr1	174999163	174999173	84.8429
chr1	179550539	179550540	chr1	179550535	179550545	79.2382
chr1	182378098	182378099	chr1	182378095	182378105	85.3323
chr1	198638457	198638458	chr1	198638450	198638460	52.9724
chr1	201359008	201359009	chr1	201359002	201359012	45.0639
chr1	201403784	201403785	chr1	201403782	201403792	52.6605
chr1	203626832	203626833	chr1	203626832	203626842	98.5053
chr1	204073115	204073116	chr1	204073112	204073122	92.0953
chr1	207034366	207034367	chr1	207034365	207034375	97.6672
chr1	211658657	211658658	chr1	211658648	211658658	28.7384
chr1	212285410	212285411	chr1	212285408	212285418	95.0443
chr1	213983181	213983182	chr1	213983177	213983187	83.469
chr1	215622891	215622892	chr1	215622888	215622898	58.329
chr1	216503246	216503247	chr1	216503238	216503248	96.6729
chr1	218345336	218345337	chr1	218345328	218345338	99.9224
chr1	219968600	219968601	chr1	219968598	219968608	96.0886
chr1	223779893	223779894	chr1	223779888	223779898	76.9212
chr1	224896262	224896263	chr1	224896258	224896268	82.5483
chr1	225886282	225886283	chr1	225886280	225886290	82.3881
chr1	225936598	225936599	chr1	225936590	225936600	67.4617
chr1	226870184	226870185	chr1	226870179	226870189	90.3449
chr1	227918656	227918657	chr1	227918649	227918659	96.2966
chr1	228006998	228006999	chr1	228006989	228006999	97.3364
chr1	228139962	228139963	chr1	228139959	228139969	63.1159
chr1	228208044	228208045	chr1	228208039	228208049	98.1265
chr1	229430365	229430366	chr1	229430363	229430373	33.739
chr1	236795260	236795261	chr1	236795260	236795270	94.2647
chr1	243488233	243488234	chr1	243488228	243488238	81.5782
chr10	8045378	8045379	chr10	8045377	8045387	96.3068
chr10	11920022	11920023	chr10	11920021	11920031	99.7188
chr10	16823966	16823967	chr10	16823961	16823971	53.7541
chr10	27397121	27397122	chr10	27397121	27397131	67.9035
chr10	27775186	27775187	chr10	27775181	27775191	99.277
chr10	33177492	33177493	chr10	33177492	33177502	99.2357
chr10	35638247	35638248	chr10	35638242	35638252	91.475
chr10	44370165	44370166	chr10	44370162	44370172	90.2794
chr10	46033307	46033308	chr10	46033301	46033311	54.7764
chr10	47487219	47487220	chr10	47487211	47487221	47.2825
chr10	50990888	50990889	chr10	50990880	50990890	95.8963
chr10	60026298	60026299	chr10	60026292	60026302	80.3924
chr10	67884656	67884657	chr10	67884652	67884662	99.9314
chr10	70431936	70431937	chr10	70431934	70431944	62.0702
chr10	71396920	71396921	chr10	71396913	71396923	99.6687
chr10	71508153	71508154	chr10	71508153	71508163	76.5455
chr10	73631612	73631613	chr10	73631612	73631622	90.8831
chr10	74824927	74824928	chr10	74824922	74824932	93.9195
chr10	86755786	86755787	chr10	86755783	86755793	96.3843
chr10	87862638	87862639	chr10	87862633	87862643	92.4246
chr10	88934822	88934823	chr10	88934813	88934823	73.6773
chr10	90912096	90912097	chr10	90912093	90912103	91.8133
chr10	93073475	93073476	chr10	93073473	93073483	97.4163
chr10	93591687	93591688	chr10	93591683	93591693	99.2018
chr10	97766751	97766752	chr10	97766743	97766753	88.3074
chr10	100288149	100288150	chr10	100288143	100288153	92.5255
chr10	100463009	100463010	chr10	100463003	100463013	99.5561
chr10	101226994	101226995	chr10	101226993	101227003	99.0621
chr10	101354033	101354034	chr10	101354033	101354043	92.2048
chr10	101770109	101770110	chr10	101770103	101770113	99.8208
chr10	102503972	102503973	chr10	102503963	102503973	99.9836
chr10	110919367	110919368	chr10	110919362	110919372	94.0064
chr10	112950247	112950248	chr10	112950241	112950251	99.8455
chr10	119207571	119207572	chr10	119207568	119207578	98.7998
chr10	120851305	120851306	chr10	120851298	120851308	92.6906
chr10	121478332	121478333	chr10	121478326	121478336	98.3642
chr10	122458551	122458552	chr10	122458544	122458554	44.9653
chr10	125753580	125753581	chr10	125753571	125753581	69.9873
chr10	125823546	125823547	chr10	125823541	125823551	90.4003
chr10	127737185	127737186	chr10	127737176	127737186	89.165
chr10	129467190	129467191	chr10	129467186	129467196	87.9971
chr10	130136391	130136392	chr10	130136386	130136396	72.9409
chr11	532242	532243	chr11	532240	532250	96.5985
chr11	537527	537528	chr11	537520	537530	92.6622
chr11	1838981	1838982	chr11	1838980	1838990	89.5243
chr11	1995165	1995166	chr11	1995160	1995170	88.1935
chr11	2129112	2129113	chr11	2129110	2129120	67.0619
chr11	2597308	2597309	chr11	2597300	2597310	44.1989
chr11	5268345	5268346	chr11	5268340	5268350	83.2848
chr11	6603708	6603709	chr11	6603700	6603710	92.392
chr11	6621330	6621331	chr11	6621329	6621339	99.3401
chr11	8391868	8391869	chr11	8391863	8391873	94.5968
chr11	12094008	12094009	chr11	12094003	12094013	35.1843
chr11	15966449	15966450	chr11	15966444	15966454	99.6205
chr11	17365172	17365173	chr11	17365163	17365173	87.9818
chr11	17719571	17719572	chr11	17719563	17719573	95.2681
chr11	31784779	31784780	chr11	31784772	31784782	99.9556
chr11	32387775	32387776	chr11	32387774	32387784	99.8783
chr11	34438934	34438935	chr11	34438933	34438943	88.7985
chr11	35138882	35138883	chr11	35138873	35138883	68.3542
chr11	47214465	47214466	chr11	47214459	47214469	76.052
chr11	47331406	47331407	chr11	47331399	47331409	92.8395
chr11	59171430	59171431	chr11	59171427	59171437	90.4933
chr11	61752636	61752637	chr11	61752628	61752638	83.6043
chr11	61792911	61792912	chr11	61792908	61792918	95.379
chr11	62615296	62615297	chr11	62615288	62615298	83.7411
chr11	64234584	64234585	chr11	64234578	64234588	99.3805
chr11	65040901	65040902	chr11	65040898	65040908	51.2649
chr11	65497606	65497607	chr11	65497599	65497609	96.8238
chr11	65538559	65538560	chr11	65538559	65538569	97.952
chr11	65823022	65823023	chr11	65823019	65823029	64.3866
chr11	66510606	66510607	chr11	66510599	66510609	94.0493
chr11	67266473	67266474	chr11	67266469	67266479	98.3505
chr11	67468174	67468175	chr11	67468169	67468179	91.5363
chr11	67583742	67583743	chr11	67583739	67583749	96.3373
chr11	68312591	68312592	chr11	68312582	68312592	99.4484
chr11	68903863	68903864	chr11	68903862	68903872	85.7407
chr11	69698238	69698239	chr11	69698232	69698242	96.3591
chr11	72189558	72189559	chr11	72189556	72189566	79.1347
chr11	72576141	72576142	chr11	72576136	72576146	96.2837
chr11	76186325	76186326	chr11	76186316	76186326	98.7497
chr11	85694224	85694225	chr11	85694217	85694227	79.4888
chr11	95976598	95976599	chr11	95976596	95976606	97.4175
chr11	102942995	102942996	chr11	102942991	102943001	92.5405
chr11	103109410	103109411	chr11	103109401	103109411	93.4332
chr11	113314579	113314580	chr11	113314578	113314588	85.4846
chr11	113733187	113733188	chr11	113733178	113733188	92.0975
chr11	114059041	114059042	chr11	114059038	114059048	91.1477
chr11	114257787	114257788	chr11	114257778	114257788	99.9665
chr11	116829706	116829707	chr11	116829704	116829714	85.9961
chr11	116835751	116835752	chr11	116835744	116835754	93.0143
chr11	117199370	117199371	chr11	117199364	117199374	96.3596
chr11	118436456	118436457	chr11	118436455	118436465	99.9059
chr11	119084866	119084867	chr11	119084860	119084870	95.3891
chr11	124739942	124739943	chr11	124739934	124739944	99.7774
chr11	124883691	124883692	chr11	124883684	124883694	3.86828
chr11	128458761	128458762	chr11	128458755	128458765	95.9486
chr11	134069071	134069072	chr11	134069065	134069075	98.333
chr12	280057	280058	chr12	280054	280064	66.0591
chr12	1529891	1529892	chr12	1529884	1529894	69.2319
chr12	1970772	1970773	chr12	1970764	1970774	89.7624
chr12	2857680	2857681	chr12	2857674	2857684	87.2103
chr12	5531869	5531870	chr12	5531864	5531874	17.0951
chr12	5948877	5948878	chr12	5948874	5948884	90.7898
chr12	6913745	6913746	chr12	6913736	6913746	42.8723
chr12	7115736	7115737	chr12	7115734	7115744	66.1891
chr12	8913896	8913897	chr12	8913894	8913904	48.4087
chr12	10212458	10212459	chr12	10212451	10212461	91.7329
chr12	12116025	12116026	chr12	12116016	12116026	91.1642
chr12	15107783	15107784	chr12	15107776	15107786	89.3442
chr12	16347142	16347143	chr12	16347136	16347146	71.44
chr12	21764955	21764956	chr12	21764946	21764956	95.2367
chr12	23529504	23529505	chr12	23529496	23529506	99.4141
chr12	25205246	25205247	chr12	25205246	25205256	99.2787
chr12	28133249	28133250	chr12	28133247	28133257	74.3018
chr12	42081845	42081846	chr12	42081838	42081848	85.8668
chr12	48904110	48904111	chr12	48904107	48904117	80.4895
chr12	48978322	48978323	chr12	48978317	48978327	98.4265
chr12	49018975	49018976	chr12	49018967	49018977	98.8908
chr12	51186936	51186937	chr12	51186927	51186937	93.4541
chr12	51906908	51906909	chr12	51906906	51906916	94.173
chr12	52232520	52232521	chr12	52232516	52232526	61.6198
chr12	52487176	52487177	chr12	52487176	52487186	97.958
chr12	52897187	52897188	chr12	52897186	52897196	96.9975
chr12	52948871	52948872	chr12	52948866	52948876	76.8719
chr12	53210567	53210568	chr12	53210566	53210576	97.9235
chr12	53380176	53380177	chr12	53380176	53380186	99.9698
chr12	53962308	53962309	chr12	53962306	53962316	18.1873
chr12	53994895	53994896	chr12	53994886	53994896	99.46
chr12	54016931	54016932	chr12	54016926	54016936	99.6431
chr12	54280193	54280194	chr12	54280186	54280196	99.3145
chr12	55966781	55966782	chr12	55966776	55966786	99.0322
chr12	56076799	56076800	chr12	56076796	56076806	55.493
chr12	56202179	56202180	chr12	56202176	56202186	43.0334
chr12	57095408	57095409	chr12	57095407	57095417	99.1199
chr12	57128483	57128484	chr12	57128477	57128487	99.9691
chr12	57459785	57459786	chr12	57459777	57459787	85.2916
chr12	57475445	57475446	chr12	57475437	57475447	93.7219
chr12	57604622	57604623	chr12	57604617	57604627	99.8237
chr12	57747727	57747728	chr12	57747727	57747737	95.8483
chr12	57797376	57797377	chr12	57797367	57797377	92.7354
chr12	69348381	69348382	chr12	69348380	69348390	82.4229
chr12	70243002	70243003	chr12	70243000	70243010	89.1256
chr12	76858709	76858710	chr12	76858700	76858710	88.642
chr12	80792520	80792521	chr12	80792511	80792521	98.0576
chr12	88049016	88049017	chr12	88049013	88049023	85.671
chr12	89419718	89419719	chr12	89419713	89419723	50.2554
chr12	96194375	96194376	chr12	96194372	96194382	99.0466
chr12	101568353	101568354	chr12	101568352	101568362	59.5856
chr12	104117086	104117087	chr12	104117082	104117092	85.7211
chr12	109448655	109448656	chr12	109448655	109448665	89.2209
chr12	110280756	110280757	chr12	110280755	110280765	97.1878
chr12	110614027	110614028	chr12	110614025	110614035	84.4099
chr12	110909996	110909997	chr12	110909996	110910006	51.2118
chr12	111443485	111443486	chr12	111443476	111443486	28.7787
chr12	112418351	112418352	chr12	112418346	112418356	64.4392
chr12	114353911	114353912	chr12	114353905	114353915	94.3375
chr12	114670255	114670256	chr12	114670255	114670265	98.7787
chr12	115957905	115957906	chr12	115957905	115957915	81.0077
chr12	117208142	117208143	chr12	117208135	117208145	80.1546
chr12	120978543	120978544	chr12	120978537	120978547	99.5895
chr12	123671110	123671111	chr12	123671103	123671113	99.9593
chr12	123762188	123762189	chr12	123762183	123762193	87.5351
chr12	124911604	124911605	chr12	124911604	124911614	11.2585
chr13	20187463	20187464	chr13	20187461	20187471	94.1777
chr13	20973036	20973037	chr13	20973031	20973041	93.1596
chr13	24882279	24882280	chr13	24882272	24882282	67.6812
chr13	26254104	26254105	chr13	26254103	26254113	96.4535
chr13	28300346	28300347	chr13	28300343	28300353	84.0221
chr13	32586452	32586453	chr13	32586443	32586453	99.7654
chr13	37562583	37562584	chr13	37562583	37562593	86.6768
chr13	40555667	40555668	chr13	40555663	40555673	68.405
chr13	52377167	52377168	chr13	52377165	52377175	38.9523
chr13	72782133	72782134	chr13	72782132	72782142	92.0665
chr13	78598362	78598363	chr13	78598355	78598365	95.504
chr13	112067149	112067150	chr13	112067146	112067156	99.8501
chr14	23376773	23376774	chr14	23376771	23376781	90.4075
chr14	23381982	23381983	chr14	23381981	23381991	92.3412
chr14	23412740	23412741	chr14	23412731	23412741	97.5167
chr14	24336025	24336026	chr14	24336024	24336034	65.2482
chr14	31100117	31100118	chr14	31100114	31100124	99.8575
chr14	34709113	34709114	chr14	34709104	34709114	31.019
chr14	39175183	39175184	chr14	39175176	39175186	95.863
chr14	45135930	45135931	chr14	45135927	45135937	93.4958
chr14	49625174	49625175	chr14	49625172	49625182	82.6108
chr14	50719763	50719764	chr14	50719762	50719772	94.2394
chr14	53949736	53949737	chr14	53949732	53949742	98.374
chr14	58427385	58427386	chr14	58427382	58427392	97.7769
chr14	59188646	59188647	chr14	59188642	59188652	96.4214
chr14	61695513	61695514	chr14	61695512	61695522	95.3948
chr14	63371364	63371365	chr14	63371362	63371372	99.2725
chr14	63761899	63761900	chr14	63761892	63761902	48.1631
chr14	64388031	64388032	chr14	64388022	64388032	95.5088
chr14	65006174	65006175	chr14	65006172	65006182	87.645
chr14	67294371	67294372	chr14	67294363	67294373	39.2711
chr14	68787655	68787656	chr14	68787653	68787663	93.5805
chr14	72609034	72609035	chr14	72609032	72609042	96.3842
chr14	73136418	73136419	chr14	73136412	73136422	98.505
chr14	73275107	73275108	chr14	73275102	73275112	69.1875
chr14	74498183	74498184	chr14	74498177	74498187	94.9626
chr14	75633625	75633626	chr14	75633617	75633627	99.5836
chr14	75958097	75958098	chr14	75958097	75958107	95.5307
chr14	77335029	77335030	chr14	77335027	77335037	99.2437
chr14	80954989	80954990	chr14	80954986	80954996	52.8086
chr14	91869411	91869412	chr14	91869406	91869416	96.8574
chr14	100725705	100725706	chr14	100725703	100725713	73.4365
chr14	100779206	100779207	chr14	100779203	100779213	68.7275
chr14	101761709	101761710	chr14	101761703	101761713	99.678
chr14	102139503	102139504	chr14	102139503	102139513	94.0665
chr14	103121476	103121477	chr14	103121473	103121483	74.529
chr14	104769349	104769350	chr14	104769343	104769353	96.4883
chr14	105526583	105526584	chr14	105526583	105526593	83.9227
chr14	105620506	105620507	chr14	105620503	105620513	38.3366
chr15	32641676	32641677	chr15	32641669	32641679	96.1748
chr15	32718004	32718005	chr15	32717999	32718009	97.4171
chr15	34755062	34755063	chr15	34755059	34755069	99.3642
chr15	34790107	34790108	chr15	34790099	34790109	58.2541
chr15	36889204	36889205	chr15	36889199	36889209	98.8074
chr15	39581079	39581080	chr15	39581079	39581089	97.3502
chr15	40929340	40929341	chr15	40929332	40929342	97.8267
chr15	41848146	41848147	chr15	41848142	41848152	59.6972
chr15	43369221	43369222	chr15	43369212	43369222	87.8338
chr15	43599563	43599564	chr15	43599562	43599572	95.1686
chr15	45631148	45631149	chr15	45631142	45631152	33.0384
chr15	48408313	48408314	chr15	48408313	48408323	97.6849
chr15	48712928	48712929	chr15	48712923	48712933	93.1921
chr15	48823741	48823742	chr15	48823733	48823743	77.9787
chr15	56421544	56421545	chr15	56421542	56421552	15.2435
chr15	57953424	57953425	chr15	57953422	57953432	97.1133
chr15	63042620	63042621	chr15	63042611	63042621	97.3599
chr15	66386837	66386838	chr15	66386832	66386842	96.2384
chr15	66702236	66702237	chr15	66702232	66702242	98.9012
chr15	67063763	67063764	chr15	67063762	67063772	86.1989
chr15	69014695	69014696	chr15	69014691	69014701	27.6507
chr15	74179466	74179467	chr15	74179459	74179469	86.8207
chr15	74541206	74541207	chr15	74541199	74541209	99.0187
chr15	74719542	74719543	chr15	74719539	74719549	39.4176
chr15	78921058	78921059	chr15	78921058	78921068	80.9212
chr15	84817356	84817357	chr15	84817349	84817359	92.8281
chr15	87859751	87859752	chr15	87859749	87859759	95.4023
chr15	89243945	89243946	chr15	89243939	89243949	96.5024
chr15	89608789	89608790	chr15	89608789	89608799	92.6439
chr15	89749875	89749876	chr15	89749869	89749879	82.3633
chr15	89760591	89760592	chr15	89760589	89760599	91.9014
chr15	90388242	90388243	chr15	90388238	90388248	91.9863
chr15	94231538	94231539	chr15	94231531	94231541	92.6882
chr15	96325938	96325939	chr15	96325931	96325941	98.879
chr15	96333261	96333262	chr15	96333261	96333271	97.4835
chr15	99565417	99565418	chr15	99565415	99565425	94.9591
chr15	101289784	101289785	chr15	101289775	101289785	22.7489
chr16	84271	84272	chr16	84271	84281	14.6087
chr16	283164	283165	chr16	283160	283170	94.0733
chr16	287440	287441	chr16	287440	287450	93.6812
chr16	981444	981445	chr16	981440	981450	78.9425
chr16	1510427	1510428	chr16	1510419	1510429	78.6775
chr16	1959538	1959539	chr16	1959529	1959539	92.5807
chr16	2088708	2088709	chr16	2088699	2088709	73.8379
chr16	2155698	2155699	chr16	2155689	2155699	87.1498
chr16	2964216	2964217	chr16	2964209	2964219	85.9254
chr16	3725054	3725055	chr16	3725049	3725059	99.746
chr16	4777606	4777607	chr16	4777599	4777609	82.3588
chr16	5239802	5239803	chr16	5239799	5239809	97.444
chr16	8674596	8674597	chr16	8674593	8674603	96.486
chr16	8788823	8788824	chr16	8788823	8788833	89.3116
chr16	14071319	14071320	chr16	14071313	14071323	98.6842
chr16	15703135	15703136	chr16	15703133	15703143	96.3974
chr16	20933111	20933112	chr16	20933108	20933118	61.0411
chr16	21238874	21238875	chr16	21238869	21238879	39.4538
chr16	28499362	28499363	chr16	28499359	28499369	71.5135
chr16	30370934	30370935	chr16	30370929	30370939	90.6243
chr16	31201486	31201487	chr16	31201479	31201489	85.7268
chr16	31471585	31471586	chr16	31471579	31471589	59.0869
chr16	31527900	31527901	chr16	31527899	31527909	87.7158
chr16	46656132	46656133	chr16	46656128	46656138	29.8513
chr16	47461123	47461124	chr16	47461119	47461129	93.5965
chr16	50065967	50065968	chr16	50065959	50065969	87.7796
chr16	51135982	51135983	chr16	51135979	51135989	97.5956
chr16	54283304	54283305	chr16	54283298	54283308	95.3132
chr16	54930865	54930866	chr16	54930858	54930868	97.9673
chr16	55389700	55389701	chr16	55389698	55389708	16.3158
chr16	56465640	56465641	chr16	56465638	56465648	90.4608
chr16	56608584	56608585	chr16	56608578	56608588	90.152
chr16	57735739	57735740	chr16	57735738	57735748	96.7745
chr16	58157907	58157908	chr16	58157906	58157916	99.0937
chr16	58519951	58519952	chr16	58519946	58519956	83.9753
chr16	66366690	66366691	chr16	66366687	66366697	74.2263
chr16	67192155	67192156	chr16	67192147	67192157	94.1377
chr16	68636189	68636190	chr16	68636187	68636197	99.8185
chr16	68737292	68737293	chr16	68737287	68737297	95.619
chr16	69706996	69706997	chr16	69706987	69706997	32.3322
chr16	70802084	70802085	chr16	70802077	70802087	81.3952
chr16	72093613	72093614	chr16	72093611	72093621	86.5093
chr16	72112157	72112158	chr16	72112151	72112161	73.8026
chr16	75627474	75627475	chr16	75627472	75627482	59.7189
chr16	83719311	83719312	chr16	83719305	83719315	26.8933
chr16	84145287	84145288	chr16	84145285	84145295	89.697
chr16	86510527	86510528	chr16	86510524	86510534	98.6276
chr16	86566829	86566830	chr16	86566824	86566834	98.7528
chr16	88453280	88453281	chr16	88453272	88453282	89.0689
chr16	88677688	88677689	chr16	88677682	88677692	24.1119
chr16	89267619	89267620	chr16	89267612	89267622	95.7775
chr16	89912119	89912120	chr16	89912112	89912122	7.98666
chr16	89921392	89921393	chr16	89921392	89921402	71.4847
chr16	90056566	90056567	.	-1	-1	.
chr17	3472374	3472375	chr17	3472366	3472376	74.125
chr17	3510502	3510503	chr17	3510496	3510506	95.3216
chr17	3565444	3565445	chr17	3565436	3565446	66.8132
chr17	3636459	3636460	chr17	3636456	3636466	92.2052
chr17	6789133	6789134	chr17	6789131	6789141	24.5501
chr17	7225342	7225343	chr17	7225341	7225351	99.6964
chr17	7588178	7588179	chr17	7588172	7588182	81.2465
chr17	7661779	7661780	chr17	7661772	7661782	67.1425
chr17	7717744	7717745	chr17	7717742	7717752	95.3669
chr17	8120592	8120593	chr17	8120592	8120602	88.7673
chr17	10390322	10390323	chr17	10390313	10390323	74.0838
chr17	10628526	10628527	chr17	10628523	10628533	87.417
chr17	12665890	12665891	chr17	12665883	12665893	94.9105
chr17	16217191	16217192	chr17	16217186	16217196	89.8683
chr17	16380798	16380799	chr17	16380796	16380806	98.5025
chr17	18108756	18108757	chr17	18108756	18108766	90.9434
chr17	18327873	18327874	chr17	18327866	18327876	97.9105
chr17	27756766	27756767	chr17	27756764	27756774	92.0548
chr17	28041737	28041738	chr17	28041734	28041744	98.8803
chr17	28573115	28573116	chr17	28573112	28573122	95.6966
chr17	28725897	28725898	chr17	28725892	28725902	97.2228
chr17	30906344	30906345	chr17	30906342	30906352	90.7829
chr17	31094927	31094928	chr17	31094922	31094932	99.8935
chr17	31316410	31316411	chr17	31316402	31316412	78.3758
chr17	35543985	35543986	chr17	35543981	35543991	51.3177
chr17	38530031	38530032	chr17	38530025	38530035	99.0673
chr17	39063313	39063314	chr17	39063307	39063317	68.9955
chr17	39665349	39665350	chr17	39665347	39665357	94.2634
chr17	39671122	39671123	chr17	39671117	39671127	73.8589
chr17	40309180	40309181	chr17	40309178	40309188	99.6022
chr17	41476710	41476711	chr17	41476708	41476718	58.7832
chr17	41500981	41500982	chr17	41500978	41500988	94.7967
chr17	41754604	41754605	chr17	41754598	41754608	82.5161
chr17	42950526	42950527	chr17	42950523	42950533	81.6635
chr17	43044295	43044296	chr17	43044293	43044303	95.6381
chr17	43753738	43753739	chr17	43753732	43753742	89.3848
chr17	44070620	44070621	chr17	44070612	44070622	79.3604
chr17	44248390	44248391	chr17	44248382	44248392	89.5443
chr17	44557484	44557485	chr17	44557482	44557492	79.6158
chr17	44673069	44673070	chr17	44673062	44673072	81.6055
chr17	44798448	44798449	chr17	44798442	44798452	94.384
chr17	44849948	44849949	chr17	44849942	44849952	80.3242
chr17	45894527	45894528	chr17	45894524	45894534	94.52
chr17	46029916	46029917	chr17	46029914	46029924	96.8116
chr17	46762506	46762507	chr17	46762504	46762514	87.2851
chr17	48528526	48528527	chr17	48528518	48528528	89.3665
chr17	48762234	48762235	chr17	48762228	48762238	39.6024
chr17	50464496	50464497	chr17	50464489	50464499	77.2674
chr17	50862223	50862224	chr17	50862219	50862229	94.1481
chr17	55719627	55719628	chr17	55719619	55719629	73.4801
chr17	58205441	58205442	chr17	58205439	58205449	88.7803
chr17	58269855	58269856	chr17	58269849	58269859	91.7146
chr17	61399843	61399844	chr17	61399839	61399849	99.6386
chr17	63477061	63477062	chr17	63477059	63477069	89.9975
chr17	63682336	63682337	chr17	63682330	63682340	83.6325
chr17	63894909	63894910	chr17	63894900	63894910	75.5828
chr17	65528563	65528564	chr17	65528562	65528572	98.2886
chr17	70168673	70168674	chr17	70168669	70168679	97.0589
chr17	72121020	72121021	chr17	72121019	72121029	97.0306
chr17	74274234	74274235	chr17	74274231	74274241	95.3194
chr17	75441159	75441160	chr17	75441159	75441169	92.1591
chr17	75498548	75498549	chr17	75498539	75498549	95.0679
chr17	75587800	75587801	chr17	75587799	75587809	93.8851
chr17	76712832	76712833	chr17	76712828	76712838	95.3565
chr17	76734115	76734116	chr17	76734108	76734118	96.5822
chr17	80036632	80036633	chr17	80036631	80036641	99.6108
chr17	81509413	81509414	chr17	81509404	81509414	33.4274
chr17	82047902	82047903	chr17	82047894	82047904	3.70964
chr17	82239023	82239024	chr17	82239014	82239024	84.9484
chr18	580380	580381	chr18	580380	580390	82.6149
chr18	657653	657654	chr18	657650	657660	42.081
chr18	670318	670319	chr18	670310	670320	70.3094
chr18	12991362	12991363	chr18	12991361	12991371	53.9798
chr18	20944612	20944613	chr18	20944609	20944619	30.0898
chr18	21242232	21242233	chr18	21242229	21242239	98.3178
chr18	22169589	22169590	chr18	22169589	22169599	98.8008
chr18	27932879	27932880	chr18	27932876	27932886	66.8419
chr18	34493291	34493292	chr18	34493286	34493296	99.9323
chr18	50227193	50227194	chr18	50227190	50227200	88.8765
chr18	51028528	51028529	chr18	51028520	51028530	79.4735
chr18	55222185	55222186	chr18	55222179	55222189	82.319
chr18	57544377	57544378	chr18	57544368	57544378	60.0158
chr18	59430939	59430940	chr18	59430938	59430948	97.3616
chr18	70003031	70003032	chr18	70003024	70003034	73.2694
chr18	76822557	76822558	chr18	76822554	76822564	91.7376
chr18	79395856	79395857	chr18	79395850	79395860	97.1929
chr18	79970813	79970814	chr18	79970810	79970820	40.1468
chr18	80109262	80109263	chr18	80109256	80109266	96.448
chr19	589881	589882	chr19	589880	589890	96.8925
chr19	1026586	1026587	chr19	1026581	1026591	88.3895
chr19	1103982	1103983	chr19	1103981	1103991	97.4533
chr19	1383527	1383528	chr19	1383521	1383531	85.6133
chr19	1397026	1397027	chr19	1397021	1397031	62.4474
chr19	1446302	1446303	chr19	1446301	1446311	98.0438
chr19	1609291	1609292	.	-1	-1	.
chr19	3506311	3506312	chr19	3506302	3506312	90.9681
chr19	4090321	4090322	chr19	4090312	4090322	72.4726
chr19	4324043	4324044	chr19	4324043	4324053	91.0204
chr19	4472297	4472298	chr19	4472293	4472303	77.6649
chr19	5912339	5912340	chr19	5912339	5912349	50.1798
chr19	8580240	8580241	chr19	8580236	8580246	81.2892
chr19	8848844	8848845	chr19	8848844	8848854	78.6563
chr19	9247344	9247345	chr19	9247344	9247354	22.2154
chr19	10133342	10133343	chr19	10133334	10133344	67.6817
chr19	10718055	10718056	chr19	10718054	10718064	99.7489
chr19	10960932	10960933	chr19	10960924	10960934	79.1738
chr19	11199295	11199296	chr19	11199294	11199304	95.942
chr19	11420604	11420605	chr19	11420602	11420612	92.2277
chr19	11538767	11538768	chr19	11538765	11538775	90.6934
chr19	12938578	12938579	chr19	12938576	12938586	95.0249
chr19	12965159	12965160	chr19	12965156	12965166	42.6447
chr19	14408798	14408799	chr19	14408798	14408808	76.8509
chr19	15159038	15159039	chr19	15159029	15159039	45.9209
chr19	16324826	16324827	chr19	16324819	16324829	93.5379
chr19	18279694	18279695	chr19	18279690	18279700	69.6861
chr19	18868545	18868546	chr19	18868541	18868551	84.8386
chr19	35268962	35268963	chr19	35268957	35268967	98.5859
chr19	35641745	35641746	chr19	35641738	35641748	97.4789
chr19	35648323	35648324	chr19	35648318	35648328	93.6571
chr19	35825372	35825373	chr19	35825368	35825378	91.6518
chr19	36139953	36139954	chr19	36139948	36139958	74.1878
chr19	38587641	38587642	chr19	38587640	38587650	93.5209
chr19	41301587	41301588	chr19	41301585	41301595	97.0664
chr19	42325609	42325610	chr19	42325608	42325618	99.1359
chr19	47778677	47778678	chr19	47778673	47778683	68.247
chr19	48296457	48296458	chr19	48296453	48296463	42.6497
chr19	49340595	49340596	chr19	49340593	49340603	98.2463
chr19	51685363	51685364	chr19	51685357	51685367	24.6721
chr19	51889235	51889236	chr19	51889227	51889237	50.2747
chr19	52429148	52429149	chr19	52429147	52429157	93.8599
chr19	55151767	55151768	chr19	55151762	55151772	90.6998
chr19	56810077	56810078	chr19	56810072	56810082	90.6672
chr2	5692384	5692385	chr2	5692378	5692388	98.521
chr2	8678845	8678846	chr2	8678840	8678850	99.2209
chr2	11179759	11179760	chr2	11179754	11179764	98.2392
chr2	11444375	11444376	chr2	11444374	11444384	31.7533
chr2	15940550	15940551	chr2	15940548	15940558	99.5547
chr2	19910263	19910264	chr2	19910259	19910269	93.8278
chr2	21001429	21001430	chr2	21001428	21001438	93.1405
chr2	26401920	26401921	chr2	26401912	26401922	94.4581
chr2	27444377	27444378	chr2	27444373	27444383	88.947
chr2	28751640	28751641	chr2	28751634	28751644	93.8794
chr2	30231534	30231535	chr2	30231534	30231544	91.8031
chr2	32946953	32946954	chr2	32946953	32946963	87.7521
chr2	38066973	38066974	chr2	38066967	38066977	95.0109
chr2	38962206	38962207	chr2	38962199	38962209	65.5419
chr2	40097270	40097271	chr2	40097270	40097280	95.7928
chr2	42767089	42767090	chr2	42767080	42767090	62.7196
chr2	43222402	43222403	chr2	43222401	43222411	93.8348
chr2	46293667	46293668	chr2	46293661	46293671	79.1332
chr2	46580937	46580938	chr2	46580931	46580941	96.8821
chr2	47345158	47345159	chr2	47345151	47345161	99.1876
chr2	54972187	54972188	chr2	54972184	54972194	88.6243
chr2	58159243	58159244	chr2	58159235	58159245	76.2289
chr2	61187463	61187464	chr2	61187455	61187465	97.8929
chr2	63119559	63119560	chr2	63119555	63119565	43.6325
chr2	68157888	68157889	chr2	68157888	68157898	95.5472
chr2	70607618	70607619	chr2	70607618	70607628	95.4151
chr2	71453561	71453562	chr2	71453560	71453570	92.8204
chr2	73385758	73385759	chr2	73385752	73385762	96.1884
chr2	84516455	84516456	chr2	84516446	84516456	75.5349
chr2	85133392	85133393	chr2	85133387	85133397	92.9822
chr2	88067825	88067826	chr2	88067821	88067831	90.6684
chr2	104853287	104853288	chr2	104853282	104853292	88.9346
chr2	111898607	111898608	chr2	111898603	111898613	73.1303
chr2	113215997	113215998	chr2	113215993	113216003	49.5291
chr2	120735623	120735624	chr2	120735614	120735624	87.5411
chr2	121337776	121337777	chr2	121337774	121337784	95.9696
chr2	130521197	130521198	chr2	130521197	130521207	94.386
chr2	130592165	130592166	chr2	130592157	130592167	35.1015
chr2	135905881	135905882	chr2	135905880	135905890	65.4764
chr2	137964020	137964021	chr2	137964020	137964030	73.2026
chr2	142877657	142877658	chr2	142877651	142877661	85.1598
chr2	144364364	144364365	chr2	144364363	144364373	69.5123
chr2	157736251	157736252	chr2	157736248	157736258	81.1607
chr2	163593396	163593397	chr2	163593390	163593400	97.6992
chr2	165857475	165857476	chr2	165857470	165857480	53.8578
chr2	169127109	169127110	chr2	169127100	169127110	94.3691
chr2	170178145	170178146	chr2	170178140	170178150	94.5546
chr2	172735274	172735275	chr2	172735272	172735282	47.8876
chr2	178525989	178525990	chr2	178525983	178525993	99.062
chr2	182833275	182833276	chr2	182833273	182833283	96.5262
chr2	187341964	187341965	chr2	187341963	187341973	50.1797
chr2	188974373	188974374	chr2	188974364	188974374	99.7416
chr2	195737703	195737704	chr2	195737696	195737706	91.8656
chr2	202033855	202033856	chr2	202033847	202033857	96.6344
chr2	202376327	202376328	chr2	202376327	202376337	99.8914
chr2	215360440	215360441	chr2	215360437	215360447	66.0618
chr2	216498825	216498826	chr2	216498817	216498827	98.5775
chr2	218672069	218672070	chr2	218672067	218672077	96.7442
chr2	218710835	218710836	chr2	218710827	218710837	94.4497
chr2	218880852	218880853	chr2	218880848	218880858	97.2178
chr2	219418377	219418378	chr2	219418368	219418378	99.6968
chr2	222199887	222199888	chr2	222199881	222199891	95.8205
chr2	226731312	226731313	chr2	226731304	226731314	89.898
chr2	231108230	231108231	chr2	231108226	231108236	92.4913
chr2	237627587	237627588	chr2	237627587	237627597	93.4335
chr2	238244044	238244045	chr2	238244039	238244049	97.0234
chr2	238320441	238320442	chr2	238320439	238320449	97.5333
chr2	241675747	241675748	chr2	241675745	241675755	35.0977
chr20	325552	325553	chr20	325546	325556	98.8724
chr20	472498	472499	chr20	472496	472506	24.9791
chr20	3888839	3888840	chr20	3888833	3888843	90.9275
chr20	6767686	6767687	chr20	6767683	6767693	99.7687
chr20	10401009	10401010	chr20	10401002	10401012	69.1151
chr20	10637684	10637685	chr20	10637682	10637692	85.4286
chr20	23626706	23626707	chr20	23626703	23626713	62.8923
chr20	31573014	31573015	chr20	31573007	31573017	87.4751
chr20	37344685	37344686	chr20	37344677	37344687	98.3831
chr20	37983007	37983008	chr20	37982998	37983008	98.296
chr20	38962299	38962300	chr20	38962297	38962307	96.3624
chr20	45898621	45898622	chr20	45898621	45898631	85.9306
chr20	46008908	46008909	chr20	46008901	46008911	95.1239
chr20	48921711	48921712	chr20	48921703	48921713	98.5189
chr20	49982980	49982981	chr20	49982973	49982983	91.0376
chr20	51386957	51386958	chr20	51386953	51386963	77.7902
chr20	51782331	51782332	chr20	51782331	51782341	93.9008
chr20	56629306	56629307	chr20	56629304	56629314	94.0504
chr20	58689131	58689132	chr20	58689124	58689134	25.8598
chr20	62307955	62307956	chr20	62307954	62307964	79.7267
chr20	62463497	62463498	chr20	62463494	62463504	7.33693
chr20	63240784	63240785	chr20	63240778	63240788	3.01895
chr20	64047582	64047583	chr20	64047577	64047587	71.9769
chr21	25880535	25880536	chr21	25880529	25880539	95.7062
chr21	26835755	26835756	chr21	26835751	26835761	70.1267
chr21	29536933	29536934	chr21	29536929	29536939	80.9264
chr21	30165565	30165566	chr21	30165562	30165572	83.708
chr21	30829039	30829040	chr21	30829032	30829042	76.6442
chr21	31118416	31118417	chr21	31118412	31118422	94.8839
chr21	31659666	31659667	chr21	31659657	31659667	95.9486
chr21	33324387	33324388	chr21	33324385	33324395	91.8169
chr21	33403413	33403414	chr21	33403404	33403414	57.8592
chr21	33432485	33432486	chr21	33432483	33432493	72.4712
chr21	33503931	33503932	chr21	33503923	33503933	42.7682
chr21	33559542	33559543	chr21	33559534	33559544	72.682
chr21	33589341	33589342	chr21	33589334	33589344	91.1172
chr21	33903453	33903454	chr21	33903446	33903456	80.2386
chr21	34073224	34073225	chr21	34073220	34073230	85.1907
chr21	34375480	34375481	chr21	34375471	34375481	97.6967
chr21	34513142	34513143	chr21	34513142	34513152	86.501
chr21	34668994	34668995	chr21	34668991	34669001	92.5736
chr21	36069941	36069942	chr21	36069932	36069942	58.7002
chr21	36320189	36320190	chr21	36320182	36320192	88.1944
chr21	36385392	36385393	chr21	36385392	36385402	96.5413
chr21	36748626	36748627	chr21	36748619	36748629	95.0582
chr21	37006150	37006151	chr21	37006150	37006160	92.5323
chr21	37062846	37062847	chr21	37062840	37062850	37.7895
chr21	37073226	37073227	chr21	37073220	37073230	96.8404
chr21	37223420	37223421	chr21	37223419	37223429	18.4852
chr21	39445855	39445856	chr21	39445854	39445864	79.9538
chr21	39867438	39867439	chr21	39867434	39867444	87.0919
chr21	40010999	40011000	chr21	40010993	40011003	87.6265
chr21	43053191	43053192	chr21	43053190	43053200	8.44812
chr21	45073853	45073854	chr21	45073845	45073855	85.2478
chr21	45405165	45405166	chr21	45405165	45405175	86.4692
chr21	45493572	45493573	chr21	45493566	45493576	99.4821
chr21	45981770	45981771	chr21	45981766	45981776	94.5596
chr21	46098112	46098113	chr21	46098106	46098116	91.3275
chr21	46136160	46136161	chr21	46136156	46136166	8.41842
chr22	17178790	17178791	chr22	17178790	17178800	53.9871
chr22	18110100	18110101	chr22	18110094	18110104	45.2165
chr22	18912777	18912778	chr22	18912777	18912787	71.2693
chr22	19036282	19036283	chr22	19036277	19036287	88.1614
chr22	19179473	19179474	chr22	19179467	19179477	92.0582
chr22	19330698	19330699	chr22	19330697	19330707	98.4735
chr22	19479457	19479458	chr22	19479457	19479467	94.3315
chr22	19523024	19523025	chr22	19523017	19523027	95.8086
chr22	19756703	19756704	chr22	19756697	19756707	98.0098
chr22	19783223	19783224	chr22	19783217	19783227	67.0643
chr22	19941371	19941372	chr22	19941367	19941377	26.4552
chr22	19969896	19969897	chr22	19969887	19969897	87.7923
chr22	20080221	20080222	chr22	20080217	20080227	94.8838
chr22	20115938	20115939	chr22	20115937	20115947	23.9422
chr22	20129456	20129457	chr22	20129447	20129457	70.1899
chr22	20394115	20394116	chr22	20394110	20394120	92.9195
chr22	20707691	20707692	chr22	20707682	20707692	61.1057
chr22	20774113	20774114	chr22	20774112	20774122	83.375
chr22	20859007	20859008	chr22	20859002	20859012	94.8234
chr22	20917407	20917408	chr22	20917402	20917412	97.9378
chr22	20957092	20957093	chr22	20957092	20957102	17.4916
chr22	20965108	20965109	chr22	20965102	20965112	97.5633
chr22	20982269	20982270	chr22	20982261	20982271	95.0485
chr22	20999104	20999105	chr22	20999101	20999111	20.6172
chr22	21009808	21009809	chr22	21009801	21009811	23.33
chr22	21417371	21417372	chr22	21417371	21417381	98.5239
chr22	24270817	24270818	chr22	24270812	24270822	94.7318
chr22	24806169	24806170	chr22	24806163	24806173	88.2125
chr22	29073035	29073036	chr22	29073032	29073042	74.0081
chr22	29480218	29480219	chr22	29480211	29480221	99.4303
chr22	30607003	30607004	chr22	30607003	30607013	84.285
chr22	32801705	32801706	chr22	32801704	32801714	86.9852
chr22	35606764	35606765	chr22	35606763	35606773	74.8508
chr22	35738736	35738737	chr22	35738733	35738743	98.5018
chr22	37970686	37970687	chr22	37970683	37970693	62.0681
chr22	38200767	38200768	chr22	38200763	38200773	7.92739
chr22	38290691	38290692	chr22	38290684	38290694	94.2328
chr22	39399778	39399779	chr22	39399775	39399785	82.7575
chr22	40370591	40370592	chr22	40370586	40370596	95.3611
chr22	40679273	40679274	chr22	40679266	40679276	77.7366
chr22	41092510	41092511	chr22	41092506	41092516	99.4345
chr22	41367333	41367334	chr22	41367326	41367336	96.142
chr22	41561010	41561011	chr22	41561006	41561016	97.3343
chr22	41673933	41673934	chr22	41673926	41673936	82.8872
chr22	43528744	43528745	chr22	43528740	43528750	60.6947
chr22	45920366	45920367	chr22	45920360	45920370	91.7975
chr22	50090006	50090007	chr22	50090001	50090011	96.9961
chr22	50217689	50217690	chr22	50217681	50217691	52.5899
chr22	50525752	50525753	chr22	50525751	50525761	88.521
chr3	4493345	4493346	chr3	4493336	4493346	93.2458
chr3	8733802	8733803	chr3	8733794	8733804	91.4348
chr3	9397615	9397616	chr3	9397606	9397616	98.723
chr3	9933793	9933794	chr3	9933786	9933796	96.4271
chr3	12153068	12153069	chr3	12153060	12153070	84.3156
chr3	12557057	12557058	chr3	12557051	12557061	97.2349
chr3	12582101	12582102	chr3	12582101	12582111	90.1848
chr3	13549125	13549126	chr3	13549120	13549130	86.6318
chr3	14125015	14125016	chr3	14125010	14125020	99.5094
chr3	14145145	14145146	chr3	14145140	14145150	94.5258
chr3	14810853	14810854	chr3	14810853	14810863	96.0083
chr3	19879472	19879473	chr3	19879468	19879478	74.4286
chr3	24687887	24687888	chr3	24687879	24687889	14.0478
chr3	30606478	30606479	chr3	30606478	30606488	94.9046
chr3	33496245	33496246	chr3	33496238	33496248	62.7023
chr3	38453890	38453891	chr3	38453889	38453899	99.7962
chr3	38548057	38548058	chr3	38548049	38548059	95.6997
chr3	41194741	41194742	chr3	41194739	41194749	98.582
chr3	42257825	42257826	chr3	42257818	42257828	79.1676
chr3	46574534	46574535	chr3	46574530	46574540	82.8349
chr3	46835110	46835111	chr3	46835110	46835120	60.9372
chr3	47016428	47016429	chr3	47016420	47016430	94.8771
chr3	47381011	47381012	chr3	47381010	47381020	98.9231
chr3	48625723	48625724	chr3	48625717	48625727	87.7168
chr3	48636463	48636464	chr3	48636457	48636467	92.6302
chr3	49359139	49359140	chr3	49359137	49359147	95.3639
chr3	49468713	49468714	chr3	49468707	49468717	78.7799
chr3	52316319	52316320	chr3	52316314	52316324	68.194
chr3	52451100	52451101	chr3	52451094	52451104	94.7978
chr3	52545352	52545353	chr3	52545344	52545354	98.6707
chr3	52704955	52704956	chr3	52704954	52704964	88.1837
chr3	53328963	53328964	chr3	53328963	53328973	95.4638
chr3	55465715	55465716	chr3	55465712	55465722	96.7519
chr3	57293699	57293700	chr3	57293692	57293702	30.3689
chr3	63228315	63228316	chr3	63228314	63228324	40.1604
chr3	64515654	64515655	chr3	64515654	64515664	95.0324
chr3	70954693	70954694	chr3	70954689	70954699	97.7585
chr3	81489703	81489704	chr3	81489699	81489709	82.1601
chr3	119524293	119524294	chr3	119524293	119524303	60.0908
chr3	119821321	119821322	chr3	119821313	119821323	97.9003
chr3	121769761	121769762	chr3	121769753	121769763	76.7644
chr3	127689062	127689063	chr3	127689057	127689067	71.5526
chr3	129555214	129555215	chr3	129555207	129555217	97.7496
chr3	132680609	132680610	chr3	132680606	132680616	32.0767
chr3	133746040	133746041	chr3	133746036	133746046	81.6974
chr3	142449007	142449008	chr3	142448998	142449008	71.7726
chr3	146035139	146035140	chr3	146035133	146035143	8.59712
chr3	148697784	148697785	chr3	148697783	148697793	97.8276
chr3	158095905	158095906	chr3	158095901	158095911	92.5918
chr3	171600404	171600405	chr3	171600400	171600410	96.0087
chr3	180602858	180602859	chr3	180602852	180602862	87.5087
chr3	180989510	180989511	chr3	180989502	180989512	84.6413
chr3	186842704	186842705	chr3	186842701	186842711	92.4852
chr3	187217282	187217283	chr3	187217282	187217292	98.7612
chr3	187668912	187668913	chr3	187668912	187668922	93.8651
chr3	188153284	188153285	chr3	188153282	188153292	71.2126
chr3	192139390	192139391	chr3	192139381	192139391	95.1203
chr3	193593144	193593145	chr3	193593141	193593151	96.3623
chr3	196739857	196739858	chr3	196739849	196739859	89.6475
chr4	625573	625574	chr4	625571	625581	42.3126
chr4	3041363	3041364	chr4	3041363	3041373	29.5261
chr4	4415742	4415743	chr4	4415733	4415743	18.3167
chr4	4542090	4542091	chr4	4542083	4542093	89.408
chr4	4859665	4859666	chr4	4859663	4859673	93.4834
chr4	5542772	5542773	chr4	5542763	5542773	59.7695
chr4	5711201	5711202	chr4	5711193	5711203	97.6645
chr4	6693878	6693879	chr4	6693873	6693883	71.6128
chr4	9781634	9781635	chr4	9781626	9781636	91.7396
chr4	13627865	13627866	chr4	13627856	13627866	87.4534
chr4	15960245	15960246	chr4	15960237	15960247	22.141
chr4	25861830	25861831	chr4	25861828	25861838	91.9692
chr4	26163455	26163456	chr4	26163448	26163458	94.1401
chr4	39182504	39182505	chr4	39182500	39182510	94.1977
chr4	39287456	39287457	chr4	39287450	39287460	78.5314
chr4	39822863	39822864	chr4	39822860	39822870	97.5404
chr4	41744082	41744083	chr4	41744073	41744083	93.9811
chr4	47450787	47450788	chr4	47450783	47450793	94.3739
chr4	47593999	47594000	chr4	47593993	47594003	72.758
chr4	52051304	52051305	chr4	52051304	52051314	89.3577
chr4	54229280	54229281	chr4	54229273	54229283	97.8899
chr4	55078481	55078482	chr4	55078473	55078483	66.0826
chr4	55948871	55948872	chr4	55948864	55948874	91.0995
chr4	56647989	56647990	chr4	56647984	56647994	94.4106
chr4	67558727	67558728	chr4	67558722	67558732	96.7984
chr4	70360760	70360761	chr4	70360753	70360763	27.5106
chr4	73985966	73985967	chr4	73985963	73985973	14.8487
chr4	75859864	75859865	chr4	75859857	75859867	2.9956
chr4	76435229	76435230	chr4	76435227	76435237	79.1145
chr4	80266639	80266640	chr4	80266636	80266646	98.9288
chr4	89700345	89700346	chr4	89700339	89700349	43.0956
chr4	94451857	94451858	chr4	94451849	94451859	97.9416
chr4	101023409	101023410	chr4	101023403	101023413	98.4466
chr4	102501330	102501331	chr4	102501323	102501333	99.2021
chr4	108047545	108047546	chr4	108047544	108047554	83.1145
chr4	110617423	110617424	chr4	110617414	110617424	98.3152
chr4	122826682	122826683	chr4	122826675	122826685	89.042
chr4	127623271	127623272	chr4	127623265	127623275	66.594
chr4	127880893	127880894	chr4	127880885	127880895	93.8181
chr4	139301446	139301447	chr4	139301446	139301456	99.1212
chr4	139716753	139716754	chr4	139716746	139716756	82.6388
chr4	146638893	146638894	chr4	146638888	146638898	96.6934
chr4	153780591	153780592	chr4	153780588	153780598	96.0507
chr4	154535005	154535006	chr4	154534998	154535008	14.4604
chr4	158709127	158709128	chr4	158709118	158709128	90.7647
chr4	165873237	165873238	chr4	165873228	165873238	92.29
chr4	173331376	173331377	chr4	173331369	173331379	10.6811
chr4	173524969	173524970	chr4	173524969	173524979	91.5911
chr4	176683538	176683539	chr4	176683529	176683539	93.9579
chr4	182143987	182143988	chr4	182143987	182143997	92.7486
chr5	218303	218304	chr5	218295	218305	95.1617
chr5	1877413	1877414	chr5	1877406	1877416	81.1113
chr5	3595832	3595833	chr5	3595826	3595836	98.4783
chr5	7851186	7851187	chr5	7851177	7851187	73.6661
chr5	13690328	13690329	chr5	13690321	13690331	28.1111
chr5	35617844	35617845	chr5	35617838	35617848	89.6433
chr5	36876769	36876770	chr5	36876768	36876778	99.8787
chr5	37106228	37106229	chr5	37106228	37106238	96.0935
chr5	38937920	38937921	chr5	38937918	38937928	98.5076
chr5	44300247	44300248	chr5	44300238	44300248	77.7883
chr5	44388732	44388733	chr5	44388728	44388738	99.9273
chr5	51383448	51383449	chr5	51383446	51383456	98.8569
chr5	55231152	55231153	chr5	55231152	55231162	78.3553
chr5	75356345	75356346	chr5	75356345	75356355	95.7169
chr5	76716126	76716127	chr5	76716125	76716135	77.1065
chr5	78997564	78997565	chr5	78997557	78997567	84.1562
chr5	79069767	79069768	chr5	79069767	79069777	82.783
chr5	79111809	79111810	chr5	79111807	79111817	84.5621
chr5	80626226	80626227	chr5	80626221	80626231	17.1361
chr5	83471618	83471619	chr5	83471611	83471621	99.7344
chr5	87267883	87267884	chr5	87267883	87267893	91.0246
chr5	88717117	88717118	chr5	88717113	88717123	72.7592
chr5	90529344	90529345	chr5	90529343	90529353	71.8336
chr5	95751319	95751320	chr5	95751316	95751326	56.9162
chr5	112707518	112707519	chr5	112707513	112707523	98.8148
chr5	128257909	128257910	chr5	128257908	128257918	99.6321
chr5	129460281	129460282	chr5	129460277	129460287	98.0926
chr5	132875395	132875396	chr5	132875388	132875398	96.6732
chr5	134193978	134193979	chr5	134193969	134193979	74.2155
chr5	134738495	134738496	chr5	134738490	134738500	92.7897
chr5	139293674	139293675	chr5	139293671	139293681	95.1904
chr5	141338760	141338761	chr5	141338753	141338763	87.6603
chr5	141355021	141355022	chr5	141355013	141355023	92.4988
chr5	141620876	141620877	chr5	141620873	141620883	94.0981
chr5	142592178	142592179	chr5	142592175	142592185	36.7356
chr5	146110566	146110567	chr5	146110557	146110567	15.0999
chr5	146447311	146447312	chr5	146447307	146447317	90.3608
chr5	146580742	146580743	chr5	146580737	146580747	52.7566
chr5	147880726	147880727	chr5	147880717	147880727	10.4062
chr5	149492982	149492983	chr5	149492977	149492987	27.3899
chr5	151504092	151504093	chr5	151504089	151504099	98.0663
chr5	154474972	154474973	chr5	154474970	154474980	81.4191
chr5	157395534	157395535	chr5	157395532	157395542	97.9334
chr5	168486451	168486452	chr5	168486445	168486455	86.2234
chr5	171419647	171419648	chr5	171419646	171419656	99.8299
chr5	172325000	172325001	chr5	172324996	172325006	66.8337
chr5	173232109	173232110	chr5	173232107	173232117	99.9632
chr5	174724582	174724583	chr5	174724577	174724587	96.6771
chr5	177086905	177086906	chr5	177086899	177086909	93.777
chr5	177131830	177131831	chr5	177131829	177131839	99.9158
chr5	177403204	177403205	chr5	177403199	177403209	89.9825
chr5	177483394	177483395	chr5	177483389	177483399	95.2064
chr5	179678628	179678629	chr5	179678619	179678629	96.3667
chr5	179732822	179732823	chr5	179732819	179732829	98.8718
chr5	180601506	180601507	chr5	180601500	180601510	61.4152
chr6	1609915	1609916	chr6	1609915	1609925	98.714
chr6	3223324	3223325	chr6	3223316	3223326	55.6358
chr6	7541326	7541327	chr6	7541317	7541327	91.7708
chr6	12290361	12290362	chr6	12290357	12290367	99.1581
chr6	15246069	15246070	chr6	15246069	15246079	98.8525
chr6	16299112	16299113	chr6	16299109	16299119	97.837
chr6	17615035	17615036	chr6	17615029	17615039	98.9992
chr6	21593751	21593752	chr6	21593749	21593759	98.3198
chr6	26054760	26054761	chr6	26054752	26054762	27.4346
chr6	31164337	31164338	chr6	31164333	31164343	93.1443
chr6	31575565	31575566	chr6	31575563	31575573	99.8713
chr6	31580525	31580526	chr6	31580523	31580533	87.5481
chr6	32041153	32041154	chr6	32041153	32041163	85.9245
chr6	32194843	32194844	chr6	32194843	32194853	84.9824
chr6	33620365	33620366	chr6	33620363	33620373	62.2196
chr6	35468401	35468402	chr6	35468393	35468403	93.3767
chr6	38715311	38715312	chr6	38715304	38715314	93.3226
chr6	39329990	39329991	chr6	39329984	39329994	37.4836
chr6	41072974	41072975	chr6	41072971	41072981	98.8031
chr6	42963865	42963866	chr6	42963862	42963872	91.6798
chr6	42984553	42984554	chr6	42984552	42984562	99.8861
chr6	43171269	43171270	chr6	43171262	43171272	99.7593
chr6	43477523	43477524	chr6	43477522	43477532	96.3266
chr6	43770184	43770185	chr6	43770183	43770193	79.3815
chr6	44254096	44254097	chr6	44254093	44254103	60.0498
chr6	50818723	50818724	chr6	50818717	50818727	99.971
chr6	51615299	51615300	chr6	51615292	51615302	82.2563
chr6	53497341	53497342	chr6	53497332	53497342	60.3184
chr6	57186992	57186993	chr6	57186992	57187002	97.761
chr6	63719980	63719981	chr6	63719974	63719984	63.0893
chr6	83552880	83552881	chr6	83552871	83552881	94.1318
chr6	84687351	84687352	chr6	84687342	84687352	69.1707
chr6	90513573	90513574	chr6	90513571	90513581	93.8478
chr6	96889315	96889316	chr6	96889314	96889324	94.8975
chr6	105096822	105096823	chr6	105096815	105096825	71.7591
chr6	105993463	105993464	chr6	105993455	105993465	83.2751
chr6	108984309	108984310	chr6	108984307	108984317	92.2682
chr6	113933028	113933029	chr6	113933026	113933036	14.8665
chr6	121435595	121435596	chr6	121435594	121435604	99.0123
chr6	123216339	123216340	chr6	123216335	123216345	34.1855
chr6	125747664	125747665	chr6	125747664	125747674	68.4433
chr6	131573966	131573967	chr6	131573960	131573970	79.1306
chr6	135283407	135283408	chr6	135283402	135283412	79.0609
chr6	138088505	138088506	chr6	138088503	138088513	81.7825
chr6	138795911	138795912	chr6	138795903	138795913	73.2281
chr6	139371807	139371808	chr6	139371803	139371813	97.114
chr6	143940300	143940301	chr6	143940293	143940303	72.5106
chr6	149218641	149218642	chr6	149218634	149218644	75.1984
chr6	151239967	151239968	chr6	151239965	151239975	91.0602
chr6	151656691	151656692	chr6	151656685	151656695	77.373
chr6	155256134	155256135	chr6	155256126	155256136	72.5701
chr6	156776020	156776021	chr6	156776016	156776026	92.1741
chr6	161347417	161347418	chr6	161347408	161347418	76.9497
chr6	166157656	166157657	chr6	166157652	166157662	77.0051
chr6	169215780	169215781	chr6	169215775	169215785	95.4683
chr6	169457212	169457213	chr6	169457205	169457215	2.68311
chr6	170282206	170282207	chr6	170282202	170282212	95.553
chr7	192571	192572	chr7	192570	192580	86.6692
chr7	497258	497259	chr7	497253	497263	77.3918
chr7	816615	816616	chr7	816613	816623	91.8324
chr7	2512529	2512530	chr7	2512526	2512536	89.7387
chr7	4682295	4682296	chr7	4682289	4682299	97.5175
chr7	6374527	6374528	chr7	6374519	6374529	99.9665
chr7	8433609	8433610	chr7	8433600	8433610	98.7541
chr7	15200317	15200318	chr7	15200315	15200325	22.0047
chr7	15611212	15611213	chr7	15611205	15611215	96.8714
chr7	16791811	16791812	chr7	16791806	16791816	69.5087
chr7	16916359	16916360	chr7	16916356	16916366	13.4201
chr7	19020991	19020992	chr7	19020987	19020997	30.0319
chr7	21543039	21543040	chr7	21543032	21543042	90.8119
chr7	21900899	21900900	chr7	21900892	21900902	59.532
chr7	25118656	25118657	chr7	25118651	25118661	79.3843
chr7	27092993	27092994	chr7	27092991	27093001	97.2206
chr7	27830573	27830574	chr7	27830571	27830581	97.3101
chr7	35202430	35202431	chr7	35202428	35202438	99.7602
chr7	37848597	37848598	chr7	37848588	37848598	24.1826
chr7	39950121	39950122	chr7	39950121	39950131	96.8461
chr7	41960949	41960950	chr7	41960942	41960952	94.8919
chr7	44138864	44138865	chr7	44138861	44138871	28.8676
chr7	45888360	45888361	chr7	45888351	45888361	93.5214
chr7	47740202	47740203	chr7	47740202	47740212	77.7033
chr7	55019017	55019018	chr7	55019017	55019027	96.0344
chr7	56080283	56080284	chr7	56080277	56080287	58.3887
chr7	65960684	65960685	chr7	65960683	65960693	93.8285
chr7	69598296	69598297	chr7	69598294	69598304	86.9177
chr7	74027789	74027790	chr7	74027780	74027790	97.6926
chr7	75027122	75027123	chr7	75027116	75027126	95.0142
chr7	75899200	75899201	chr7	75899192	75899202	83.4165
chr7	76461676	76461677	chr7	76461673	76461683	97.2351
chr7	80369575	80369576	chr7	80369574	80369584	46.8366
chr7	80742538	80742539	chr7	80742534	80742544	78.1942
chr7	83955777	83955778	chr7	83955774	83955784	91.5343
chr7	84995553	84995554	chr7	84995544	84995554	91.4746
chr7	87503017	87503018	chr7	87503014	87503024	53.471
chr7	91264433	91264434	chr7	91264425	91264435	99.2053
chr7	94907202	94907203	chr7	94907198	94907208	87.3792
chr7	99027440	99027441	chr7	99027437	99027447	98.4587
chr7	100092233	100092234	chr7	100092227	100092237	36.4923
chr7	100612102	100612103	chr7	100612097	100612107	97.5615
chr7	100720468	100720469	chr7	100720467	100720477	91.4661
chr7	105110704	105110705	chr7	105110703	105110713	82.4101
chr7	114922094	114922095	chr7	114922085	114922095	73.9417
chr7	116524994	116524995	chr7	116524986	116524996	99.6698
chr7	117275451	117275452	chr7	117275446	117275456	61.5393
chr7	128739292	128739293	chr7	128739286	128739296	97.8798
chr7	128830406	128830407	chr7	128830406	128830416	99.4013
chr7	129188633	129188634	chr7	129188629	129188639	99.9118
chr7	129225030	129225031	chr7	129225029	129225039	95.017
chr7	134646811	134646812	chr7	134646808	134646818	94.164
chr7	134744252	134744253	chr7	134744249	134744259	58.1651
chr7	137227341	137227342	chr7	137227333	137227343	93.1055
chr7	140453033	140453034	chr7	140453030	140453040	89.3154
chr7	140719327	140719328	chr7	140719320	140719330	94.5097
chr7	148807257	148807258	chr7	148807248	148807258	56.2277
chr7	149003062	149003063	chr7	149003058	149003068	34.4885
chr7	150944961	150944962	chr7	150944952	150944962	95.3158
chr7	150991017	150991018	chr7	150991012	150991022	76.3886
chr7	151238764	151238765	chr7	151238764	151238774	94.9578
chr7	152025674	152025675	chr7	152025665	152025675	83.4618
chr7	152134922	152134923	chr7	152134915	152134925	82.7006
chr8	2045046	2045047	chr8	2045045	2045055	26.6876
chr8	10723768	10723769	chr8	10723760	10723770	94.1364
chr8	11676959	11676960	chr8	11676951	11676961	92.2933
chr8	13083361	13083362	chr8	13083361	13083371	68.606
chr8	17922842	17922843	chr8	17922841	17922851	96.3992
chr8	19404161	19404162	chr8	19404159	19404169	96.7142
chr8	22165140	22165141	chr8	22165137	22165147	86.6989
chr8	23701740	23701741	chr8	23701737	23701747	54.0826
chr8	26291508	26291509	chr8	26291504	26291514	99.2367
chr8	27490781	27490782	chr8	27490773	27490783	75.8614
chr8	30774457	30774458	chr8	30774454	30774464	37.6125
chr8	31639222	31639223	chr8	31639214	31639224	96.1042
chr8	38386207	38386208	chr8	38386202	38386212	85.1222
chr8	38400215	38400216	chr8	38400212	38400222	86.8684
chr8	41261962	41261963	chr8	41261961	41261971	99.2226
chr8	41929479	41929480	chr8	41929472	41929482	99.3823
chr8	42374063	42374064	chr8	42374062	42374072	74.0299
chr8	54457935	54457936	chr8	54457930	54457940	96.179
chr8	54509422	54509423	chr8	54509420	54509430	49.6198
chr8	60678740	60678741	chr8	60678731	60678741	99.8783
chr8	67043079	67043080	chr8	67043075	67043085	99.4532
chr8	73294602	73294603	chr8	73294595	73294605	95.3371
chr8	79762371	79762372	chr8	79762365	79762375	76.5484
chr8	81478419	81478420	chr8	81478415	81478425	61.4893
chr8	85327608	85327609	chr8	85327601	85327611	57.3722
chr8	85373436	85373437	chr8	85373431	85373441	9.9334
chr8	91954972	91954973	chr8	91954972	91954982	91.1197
chr8	100157906	100157907	chr8	100157902	100157912	74.5256
chr8	101492439	101492440	chr8	101492432	101492442	99.8535
chr8	103298433	103298434	chr8	103298432	103298442	47.2378
chr8	104590733	104590734	chr8	104590732	104590742	49.6954
chr8	107249482	107249483	chr8	107249482	107249492	88.4362
chr8	109362461	109362462	chr8	109362461	109362471	91.5733
chr8	121612116	121612117	chr8	121612110	121612120	97.6197
chr8	124539101	124539102	chr8	124539099	124539109	96.2691
chr8	125024260	125024261	chr8	125024258	125024268	94.3351
chr8	127735434	127735435	chr8	127735434	127735444	96.5402
chr8	143017982	143017983	chr8	143017973	143017983	44.6638
chr8	143816344	143816345	chr8	143816340	143816350	57.6206
chr8	143833583	143833584	chr8	143833580	143833590	39.394
chr8	144466043	144466044	chr8	144466037	144466047	76.0601
chr8	144473412	144473413	chr8	144473407	144473417	93.6961
chr9	1980290	1980291	chr9	1980290	1980300	89.392
chr9	4490468	4490469	chr9	4490460	4490470	96.2712
chr9	15464066	15464067	chr9	15464062	15464072	96.9659
chr9	16409503	16409504	chr9	16409502	16409512	99.8155
chr9	17134982	17134983	chr9	17134982	17134992	90.5996
chr9	21967752	21967753	chr9	21967751	21967761	60.0095
chr9	27109141	27109142	chr9	27109132	27109142	99.9791
chr9	32540544	32540545	chr9	32540542	32540552	70.7938
chr9	34457414	34457415	chr9	34457412	34457422	99.7868
chr9	34709005	34709006	chr9	34709003	34709013	75.5467
chr9	35681992	35681993	chr9	35681983	35681993	96.7167
chr9	69035751	69035752	chr9	69035744	69035754	95.4279
chr9	75890644	75890645	chr9	75890644	75890654	99.6883
chr9	79571773	79571774	chr9	79571765	79571775	97.4828
chr9	81583683	81583684	chr9	81583675	81583685	96.387
chr9	83834099	83834100	chr9	83834095	83834105	73.152
chr9	83968083	83968084	chr9	83968075	83968085	87.2231
chr9	84668375	84668376	chr9	84668375	84668385	95.6995
chr9	89005771	89005772	chr9	89005765	89005775	93.7875
chr9	92210207	92210208	chr9	92210198	92210208	48.1621
chr9	93951627	93951628	chr9	93951618	93951628	95.3122
chr9	94030794	94030795	chr9	94030788	94030798	96.5526
chr9	95442980	95442981	chr9	95442978	95442988	79.5657
chr9	98943179	98943180	chr9	98943178	98943188	88.4495
chr9	99104038	99104039	chr9	99104038	99104048	99.9231
chr9	99979185	99979186	chr9	99979178	99979188	61.3427
chr9	100099243	100099244	chr9	100099238	100099248	99.1253
chr9	101420560	101420561	chr9	101420558	101420568	60.2368
chr9	104781006	104781007	chr9	104780999	104781009	91.2279
chr9	112380080	112380081	chr9	112380080	112380090	89.5682
chr9	113876282	113876283	chr9	113876280	113876290	99.2571
chr9	116687305	116687306	chr9	116687301	116687311	90.4522
chr9	120388875	120388876	chr9	120388872	120388882	84.008
chr9	121207794	121207795	chr9	121207792	121207802	65.9699
chr9	122370530	122370531	chr9	122370521	122370531	59.2523
chr9	122940833	122940834	chr9	122940831	122940841	87.7218
chr9	123356170	123356171	chr9	123356161	123356171	95.8509
chr9	125747345	125747346	chr9	125747341	125747351	99.2601
chr9	127794597	127794598	chr9	127794591	127794601	79.3975
chr9	127811130	127811131	chr9	127811121	127811131	16.1223
chr9	128882133	128882134	chr9	128882131	128882141	99.9979
chr9	128947699	128947700	chr9	128947691	128947701	97.4792
chr9	130713043	130713044	chr9	130713043	130713053	99.9968
chr9	132891348	132891349	chr9	132891343	132891353	97.294
chr9	133761894	133761895	chr9	133761888	133761898	95.7505
chr9	134135365	134135366	chr9	134135358	134135368	41.0141
chr9	134317098	134317099	chr9	134317094	134317104	79.5692
chr9	136322303	136322304	.	-1	-1	.
chr9	136494433	136494434	chr9	136494428	136494438	80.4771
chr9	136975092	136975093	chr9	136975088	136975098	87.5547
chr9	137618992	137618993	chr9	137618988	137618998	99.7586
chrX	10445310	10445311	chrX	10445310	10445320	90.2365
chrX	13734743	13734744	chrX	13734741	13734751	82.7981
chrX	15345596	15345597	chrX	15345588	15345598	93.3378
chrX	17375200	17375201	chrX	17375197	17375207	99.9336
chrX	19343893	19343894	chrX	19343892	19343902	96.698
chrX	21705978	21705979	chrX	21705972	21705982	99.1238
chrX	24693873	24693874	chrX	24693873	24693883	99.3503
chrX	25003694	25003695	chrX	25003693	25003703	99.9966
chrX	31097677	31097678	chrX	31097673	31097683	79.8016
chrX	37685791	37685792	chrX	37685787	37685797	89.1405
chrX	37836757	37836758	chrX	37836757	37836767	77.6117
chrX	38269163	38269164	chrX	38269157	38269167	84.3657
chrX	40049815	40049816	chrX	40049807	40049817	81.3008
chrX	41085445	41085446	chrX	41085437	41085447	99.4759
chrX	41333348	41333349	chrX	41333347	41333357	93.31
chrX	41514934	41514935	chrX	41514927	41514937	99.7904
chrX	44873188	44873189	chrX	44873184	44873194	99.9831
chrX	47145221	47145222	chrX	47145221	47145231	99.9985
chrX	47582408	47582409	chrX	47582401	47582411	99.9585
chrX	48903180	48903181	chrX	48903173	48903183	95.9136
chrX	49235470	49235471	chrX	49235470	49235480	91.7281
chrX	53532096	53532097	chrX	53532089	53532099	94.5217
chrX	64185117	64185118	chrX	64185110	64185120	94.6308
chrX	68829021	68829022	chrX	68829017	68829027	96.3869
chrX	71254814	71254815	chrX	71254810	71254820	95.1106
chrX	101009346	101009347	chrX	101009341	101009351	89.4365
chrX	102125679	102125680	chrX	102125678	102125688	84.0676
chrX	103607451	103607452	chrX	103607442	103607452	91.2576
chrX	119468422	119468423	chrX	119468417	119468427	99.9375
chrX	137566127	137566128	chrX	137566121	137566131	99.9968
chrX	140502985	140502986	chrX	140502985	140502995	99.9869
chrX	147911919	147911920	chrX	147911912	147911922	98.7679
chrX	154021573	154021574	chrX	154021569	154021579	99.9526
chrX	154348524	154348525	chrX	154348522	154348532	95.7577
chrX	154411524	154411525	chrX	154411524	154411534	93.435
chrY	2786855	2786856	.	-1	-1	.
chrY	6910686	6910687	.	-1	-1	.
