heart_left_ventricle_tissue_female_adult_53_years.promoterschr1	1173880	1173881	0
0One missing file: BED files/Human/heart_left_ventricle_tissue_male_adult_34_years.promoters.bed
One missing file: BED files/Human/heart_left_ventricle_tissue_male_child_3_years.promoters.bed
heart_right_ventricle_tissue_female_adult_46_years.promoterschr1	1173880	1173881	0	0
1One missing file: BED files/Human/heart_right_ventricle_tissue_male_adult_34_years.promoters.bed
heart_right_ventricle_tissue_male_adult_40_years.promoterschr1	1173880	1173881	0	0	0
2One missing file: BED files/Human/heart_right_ventricle_tissue_male_child_3_years.promoters.bed
heart_left_ventricle_tissue_female_adult_46_years.enhancerschr1	1173880	1173881	0	0	0	0
3One missing file: BED files/Human/heart_left_ventricle_tissue_female_adult_51_years.enhancers.bed
One missing file: BED files/Human/heart_left_ventricle_tissue_male_adult_34_years.enhancers.bed
heart_left_ventricle_tissue_male_adult_40_years.enhancerschr1	1173880	1173881	0	0	0	0	0
4One missing file: BED files/Human/heart_left_ventricle_tissue_male_child_3_years.enhancers.bed
heart_right_ventricle_tissue_female_adult_46_years.enhancerschr1	1173880	1173881	0	0	0	0	0	0
5One missing file: BED files/Human/heart_right_ventricle_tissue_male_adult_34_years.enhancers.bed
heart_right_ventricle_tissue_male_adult_40_years.enhancerschr1	1173880	1173881	0	0	0	0	0	0	0
6One missing file: BED files/Human/heart_right_ventricle_tissue_male_child_3_years.enhancers.bed
cardiac fibroblast female embryo 94 days and female embryo 98 dayschr1	1173880	1173881	0	0	0	0	0	0	0	0
7heart left ventricle tissue female embryo 101 days and female embryo 103 dayschr1	1173880	1173881	0	0	0	0	0	0	0	0	0
8heart left ventricle tissue female embryo 136 dayschr1	1173880	1173881	0	0	0	0	0	0	0	0	0	0
9heart right ventricle tissue female embryo 101 days and female embryo 103 dayschr1	1173880	1173881	0	0	0	0	0	0	0	0	0	0	0
10heart tissue embryo 101 dayschr1	1173880	1173881	0	0	0	0	0	0	0	0	0	0	0	0
11heart tissue embryo 59 days and female embryo 76 dayschr1	1173880	1173881	0	0	0	0	0	0	0	0	0	0	0	0	0
12heart tissue embryo 80 dayschr1	1173880	1173881	0	0	0	0	0	0	0	0	0	0	0	0	0	0
13heart tissue embryo 96 dayschr1	1173880	1173881	0	0	0	0	0	0	0	0	0	0	0	0	0	0	0
14heart tissue female embryo 103 dayschr1	1173880	1173881	0	0	0	0	0	0	0	0	0	0	0	0	0	0	0	0
15heart tissue female embryo 105 dayschr1	1173880	1173881	0	0	0	0	0	0	0	0	0	0	0	0	0	0	0	0	0
16heart tissue female embryo 110 dayschr1	1173880	1173881	0	0	0	0	0	0	0	0	0	0	0	0	0	0	0	0	0	0
17heart tissue female embryo 116 days and female embryo 98 dayschr1	1173880	1173881	0	0	0	0	0	0	0	0	0	0	0	0	0	0	0	0	0	0	0
18heart tissue female embryo 117 dayschr1	1173880	1173881	0	0	0	0	0	0	0	0	0	0	0	0	0	0	0	0	0	0	0	0
19heart tissue female embryo 147 dayschr1	1173880	1173881	0	0	0	0	0	0	0	0	0	0	0	0	0	0	0	0	0	0	0	0	0
20heart tissue female embryo 91 dayschr1	1173880	1173881	0	0	0	0	0	0	0	0	0	0	0	0	0	0	0	0	0	0	0	0	0	0
21heart tissue male embryo 105 dayschr1	1173880	1173881	0	0	0	0	0	0	0	0	0	0	0	0	0	0	0	0	0	0	0	0	0	0	0
22heart tissue male embryo 110 dayschr1	1173880	1173881	0	0	0	0	0	0	0	0	0	0	0	0	0	0	0	0	0	0	0	0	0	0	0	0
23heart tissue male embryo 120 dayschr1	1173880	1173881	0	0	0	0	0	0	0	0	0	0	0	0	0	0	0	0	0	0	0	0	0	0	0	0	0
24heart tissue male embryo 72 days and male embryo 76 dayschr1	1173880	1173881	0	0	0	0	0	0	0	0	0	0	0	0	0	0	0	0	0	0	0	0	0	0	0	0	0	0
25heart tissue male embryo 91 dayschr1	1173880	1173881	0	0	0	0	0	0	0	0	0	0	0	0	0	0	0	0	0	0	0	0	0	0	0	0	0	0	0
26heart tissue male embryo 96 dayschr1	1173880	1173881	0	0	0	0	0	0	0	0	0	0	0	0	0	0	0	0	0	0	0	0	0	0	0	0	0	0	0	0
27left cardiac atrium tissue female embryo 101 dayschr1	1173880	1173881	0	0	0	0	0	0	0	0	0	0	0	0	0	0	0	0	0	0	0	0	0	0	0	0	0	0	0	0	0
28heart_left_ventricle_tissue_female_adult_46_years.CTCF-bound cCREschr1	1173880	1173881	0	0	0	0	0	0	0	0	0	0	0	0	0	0	0	0	0	0	0	0	0	0	0	0	0	0	0	0	0	0
29heart_left_ventricle_tissue_female_adult_51_years.CTCF-bound cCREschr1	1173880	1173881	0	0	0	0	0	0	0	0	0	0	0	0	0	0	0	0	0	0	0	0	0	0	0	0	0	0	0	0	0	0	0
30heart_left_ventricle_tissue_female_adult_53_years.CTCF-bound cCREschr1	1173880	1173881	0	0	0	0	0	0	0	0	0	0	0	0	0	0	0	0	0	0	0	0	0	0	0	0	0	0	0	0	0	0	0	0
31heart_left_ventricle_tissue_female_adult_59_years.CTCF-bound cCREschr1	1173880	1173881	0	0	0	0	0	0	0	0	0	0	0	0	0	0	0	0	0	0	0	0	0	0	0	0	0	0	0	0	0	0	0	0	0
32heart_left_ventricle_tissue_male_adult_40_years.CTCF-bound cCREschr1	1173880	1173881	0	0	0	0	0	0	0	0	0	0	0	0	0	0	0	0	0	0	0	0	0	0	0	0	0	0	0	0	0	0	0	0	0	0
33C57BL-6_heart_tissue_embryo_10.5_days clean.promoterschr1	1173880	1173881	0	0	0	0	0	0	0	0	0	0	0	0	0	0	0	0	0	0	0	0	0	0	0	0	0	0	0	0	0	0	0	0	0	0	0
34C57BL-6_heart_tissue_male_adult_8_weeks clean.promoterschr1	1173880	1173881	0	0	0	0	0	0	0	0	0	0	0	0	0	0	0	0	0	0	0	0	0	0	0	0	0	0	0	0	0	0	0	0	0	0	0	0
35C57BL-6_heart_tissue_postnatal_0_days clean.promoterschr1	1173880	1173881	0	0	0	0	0	0	0	0	0	0	0	0	0	0	0	0	0	0	0	0	0	0	0	0	0	0	0	0	0	0	0	0	0	0	0	0	0
36C57BL-6_heart_tissue_embryo_10.5_days clean.enhancerschr1	1173880	1173881	0	0	0	0	0	0	0	0	0	0	0	0	0	0	0	0	0	0	0	0	0	0	0	0	0	0	0	0	0	0	0	0	0	0	0	0	0	0
37C57BL-6_heart_tissue_male_adult_8_weeks clean.enhancerschr1	1173880	1173881	0	0	0	0	0	0	0	0	0	0	0	0	0	0	0	0	0	0	0	0	0	0	0	0	0	0	0	0	0	0	0	0	0	0	0	0	0	0	0
38C57BL-6_heart_tissue_postnatal_0_days clean.enhancerschr1	1173880	1173881	0	0	0	0	0	0	0	0	0	0	0	0	0	0	0	0	0	0	0	0	0	0	0	0	0	0	0	0	0	0	0	0	0	0	0	0	0	0	0	0
39C57BL-6_heart_tissue_male_adult_8_weeks clean.CTCF-bound cCREschr1	1173880	1173881	0	0	0	0	0	0	0	0	0	0	0	0	0	0	0	0	0	0	0	0	0	0	0	0	0	0	0	0	0	0	0	0	0	0	0	0	0	0	0	0	0
40C57BL-6_heart_tissue_postnatal_0_days clean.CTCF-bound cCREschr1	1173880	1173881	0	0	0	0	0	0	0	0	0	0	0	0	0	0	0	0	0	0	0	0	0	0	0	0	0	0	0	0	0	0	0	0	0	0	0	0	0	0	0	0	0	0
41ASCL1_pwmscan_hg38_29347_22951
chr1	1173880	1173881	0	0	0	0	0	0	0	0	0	0	0	0	0	0	0	0	0	0	0	0	0	0	0	0	0	0	0	0	0	0	0	0	0	0	0	0	0	0	0	0	0	0	0

42
CREB1_pwmscan_hg38_7806_15552
chr1	1173880	1173881	0	0	0	0	0	0	0	0	0	0	0	0	0	0	0	0	0	0	0	0	0	0	0	0	0	0	0	0	0	0	0	0	0	0	0	0	0	0	0	0	0	0	0	0

43
EOMES_pwmscan_hg38_45327_5339
chr1	1173880	1173881	0	0	0	0	0	0	0	0	0	0	0	0	0	0	0	0	0	0	0	0	0	0	0	0	0	0	0	0	0	0	0	0	0	0	0	0	0	0	0	0	0	0	0	0	0

44
FOXC1_pwmscan_hg38_14051_14776
chr1	1173880	1173881	0	0	0	0	0	0	0	0	0	0	0	0	0	0	0	0	0	0	0	0	0	0	0	0	0	0	0	0	0	0	0	0	0	0	0	0	0	0	0	0	0	0	0	0	0	0

45
FOXC2_pwmscan_hg38_30036_45203
chr1	1173880	1173881	0	0	0	0	0	0	0	0	0	0	0	0	0	0	0	0	0	0	0	0	0	0	0	0	0	0	0	0	0	0	0	0	0	0	0	0	0	0	0	0	0	0	0	0	0	0	0

46
FOXF1_pwmscan_hg38_28598_34204
chr1	1173880	1173881	0	0	0	0	0	0	0	0	0	0	0	0	0	0	0	0	0	0	0	0	0	0	0	0	0	0	0	0	0	0	0	0	0	0	0	0	0	0	0	0	0	0	0	0	0	0	0	0

47
FOXH1_pwmscan_hg38_43315_3114
chr1	1173880	1173881	0	0	0	0	0	0	0	0	0	0	0	0	0	0	0	0	0	0	0	0	0	0	0	0	0	0	0	0	0	0	0	0	0	0	0	0	0	0	0	0	0	0	0	0	0	0	0	0	0

48
FOXL1_pwmscan_hg38_43316_13581
chr1	1173880	1173881	0	0	0	0	0	0	0	0	0	0	0	0	0	0	0	0	0	0	0	0	0	0	0	0	0	0	0	0	0	0	0	0	0	0	0	0	0	0	0	0	0	0	0	0	0	0	0	0	0	0

49
GATA3_pwmscan_hg38_11738_12391
chr1	1173880	1173881	0	0	0	0	0	0	0	0	0	0	0	0	0	0	0	0	0	0	0	0	0	0	0	0	0	0	0	0	0	0	0	0	0	0	0	0	0	0	0	0	0	0	0	0	0	0	0	0	0	0	0

50
GATA4_pwmscan_hg38_28596_35342
chr1	1173880	1173881	0	0	0	0	0	0	0	0	0	0	0	0	0	0	0	0	0	0	0	0	0	0	0	0	0	0	0	0	0	0	0	0	0	0	0	0	0	0	0	0	0	0	0	0	0	0	0	0	0	0	0	0

51
GATA5_pwmscan_hg38_9066_18689
chr1	1173880	1173881	0	0	0	0	0	0	0	0	0	0	0	0	0	0	0	0	0	0	0	0	0	0	0	0	0	0	0	0	0	0	0	0	0	0	0	0	0	0	0	0	0	0	0	0	0	0	0	0	0	0	0	0	0

52
GATA6_pwmscan_hg38_20055_21663
chr1	1173880	1173881	0	0	0	0	0	0	0	0	0	0	0	0	0	0	0	0	0	0	0	0	0	0	0	0	0	0	0	0	0	0	0	0	0	0	0	0	0	0	0	0	0	0	0	0	0	0	0	0	0	0	0	0	0	0

53
GLI1_pwmscan_hg38_33818_38538
chr1	1173880	1173881	0	0	0	0	0	0	0	0	0	0	0	0	0	0	0	0	0	0	0	0	0	0	0	0	0	0	0	0	0	0	0	0	0	0	0	0	0	0	0	0	0	0	0	0	0	0	0	0	0	0	0	0	0	0	0

54
GLI2_pwmscan_hg38_7492_29088
chr1	1173880	1173881	0	0	0	0	0	0	0	0	0	0	0	0	0	0	0	0	0	0	0	0	0	0	0	0	0	0	0	0	0	0	0	0	0	0	0	0	0	0	0	0	0	0	0	0	0	0	0	0	0	0	0	0	0	0	0	0

55
GLI3_pwmscan_hg38_35563_38491
chr1	1173880	1173881	0	0	0	0	0	0	0	0	0	0	0	0	0	0	0	0	0	0	0	0	0	0	0	0	0	0	0	0	0	0	0	0	0	0	0	0	0	0	0	0	0	0	0	0	0	0	0	0	0	0	0	0	0	0	0	0	0

56
GRHL2_pwmscan_hg38_29347_19788
chr1	1173880	1173881	0	0	0	0	0	0	0	0	0	0	0	0	0	0	0	0	0	0	0	0	0	0	0	0	0	0	0	0	0	0	0	0	0	0	0	0	0	0	0	0	0	0	0	0	0	0	0	0	0	0	0	0	0	0	0	0	0	0

57
HAND1_pwmscan_hg38_38445_41025
chr1	1173880	1173881	0	0	0	0	0	0	0	0	0	0	0	0	0	0	0	0	0	0	0	0	0	0	0	0	0	0	0	0	0	0	0	0	0	0	0	0	0	0	0	0	0	0	0	0	0	0	0	0	0	0	0	0	0	0	0	0	0	0	0

58
HES1_pwmscan_hg38_35815_41265
chr1	1173880	1173881	0	0	0	0	0	0	0	0	0	0	0	0	0	0	0	0	0	0	0	0	0	0	0	0	0	0	0	0	0	0	0	0	0	0	0	0	0	0	0	0	0	0	0	0	0	0	0	0	0	0	0	0	0	0	0	0	0	0	0	0

59
HEY1_pwmscan_hg38_28887_46496
chr1	1173880	1173881	0	0	0	0	0	0	0	0	0	0	0	0	0	0	0	0	0	0	0	0	0	0	0	0	0	0	0	0	0	0	0	0	0	0	0	0	0	0	0	0	0	0	0	0	0	0	0	0	0	0	0	0	0	0	0	0	0	0	0	0	0

60
HEY2_pwmscan_hg38_43317_44258
chr1	1173880	1173881	0	0	0	0	0	0	0	0	0	0	0	0	0	0	0	0	0	0	0	0	0	0	0	0	0	0	0	0	0	0	0	0	0	0	0	0	0	0	0	0	0	0	0	0	0	0	0	0	0	0	0	0	0	0	0	0	0	0	0	0	0	0

61
HIF1A_pwmscan_hg38_15529_13200
chr1	1173880	1173881	0	0	0	0	0	0	0	0	0	0	0	0	0	0	0	0	0	0	0	0	0	0	0	0	0	0	0	0	0	0	0	0	0	0	0	0	0	0	0	0	0	0	0	0	0	0	0	0	0	0	0	0	0	0	0	0	0	0	0	0	0	0	0

62
ISL1_pwmscan_hg38_35815_41742
chr1	1173880	1173881	0	0	0	0	0	0	0	0	0	0	0	0	0	0	0	0	0	0	0	0	0	0	0	0	0	0	0	0	0	0	0	0	0	0	0	0	0	0	0	0	0	0	0	0	0	0	0	0	0	0	0	0	0	0	0	0	0	0	0	0	0	0	0	0

63
JUN_pwmscan_hg38_38048_1878
chr1	1173880	1173881	0	0	0	0	0	0	0	0	0	0	0	0	0	0	0	0	0	0	0	0	0	0	0	0	0	0	0	0	0	0	0	0	0	0	0	0	0	0	0	0	0	0	0	0	0	0	0	0	0	0	0	0	0	0	0	0	0	0	0	0	0	0	0	0	0

64
LBX1_pwmscan_hg38_27664_45938
chr1	1173880	1173881	0	0	0	0	0	0	0	0	0	0	0	0	0	0	0	0	0	0	0	0	0	0	0	0	0	0	0	0	0	0	0	0	0	0	0	0	0	0	0	0	0	0	0	0	0	0	0	0	0	0	0	0	0	0	0	0	0	0	0	0	0	0	0	0	0	0

65
MEF2A_pwmscan_hg38_7806_11341
chr1	1173880	1173881	0	0	0	0	0	0	0	0	0	0	0	0	0	0	0	0	0	0	0	0	0	0	0	0	0	0	0	0	0	0	0	0	0	0	0	0	0	0	0	0	0	0	0	0	0	0	0	0	0	0	0	0	0	0	0	0	0	0	0	0	0	0	0	0	0	0	0

66
MEF2C_pwmscan_hg38_43317_529
chr1	1173880	1173881	0	0	0	0	0	0	0	0	0	0	0	0	0	0	0	0	0	0	0	0	0	0	0	0	0	0	0	0	0	0	0	0	0	0	0	0	0	0	0	0	0	0	0	0	0	0	0	0	0	0	0	0	0	0	0	0	0	0	0	0	0	0	0	0	0	0	0	0

67
MEF2D_pwmscan_hg38_11121_17332
chr1	1173880	1173881	0	0	0	0	0	0	0	0	0	0	0	0	0	0	0	0	0	0	0	0	0	0	0	0	0	0	0	0	0	0	0	0	0	0	0	0	0	0	0	0	0	0	0	0	0	0	0	0	0	0	0	0	0	0	0	0	0	0	0	0	0	0	0	0	0	0	0	0	0

68
MEIS1_pwmscan_hg38_27664_48032
chr1	1173880	1173881	0	0	0	0	0	0	0	0	0	0	0	0	0	0	0	0	0	0	0	0	0	0	0	0	0	0	0	0	0	0	0	0	0	0	0	0	0	0	0	0	0	0	0	0	0	0	0	0	0	0	0	0	0	0	0	0	0	0	0	0	0	0	0	0	0	0	0	0	0	0

69
MESP1_pwmscan_hg38_38445_42157
chr1	1173880	1173881	0	0	0	0	0	0	0	0	0	0	0	0	0	0	0	0	0	0	0	0	0	0	0	0	0	0	0	0	0	0	0	0	0	0	0	0	0	0	0	0	0	0	0	0	0	0	0	0	0	0	0	0	0	0	0	0	0	0	0	0	0	0	0	0	0	0	0	0	0	0	0

70
MIXL1_pwmscan_hg38_27664_42167
chr1	1173880	1173881	0	0	0	0	0	0	0	0	0	0	0	0	0	0	0	0	0	0	0	0	0	0	0	0	0	0	0	0	0	0	0	0	0	0	0	0	0	0	0	0	0	0	0	0	0	0	0	0	0	0	0	0	0	0	0	0	0	0	0	0	0	0	0	0	0	0	0	0	0	0	0	0

71
MSX1_pwmscan_hg38_37655_41051
chr1	1173880	1173881	0	0	0	0	0	0	0	0	0	0	0	0	0	0	0	0	0	0	0	0	0	0	0	0	0	0	0	0	0	0	0	0	0	0	0	0	0	0	0	0	0	0	0	0	0	0	0	0	0	0	0	0	0	0	0	0	0	0	0	0	0	0	0	0	0	0	0	0	0	0	0	0	0

72
NFAC4_pwmscan_hg38_33560_42902
chr1	1173880	1173881	0	0	0	0	0	0	0	0	0	0	0	0	0	0	0	0	0	0	0	0	0	0	0	0	0	0	0	0	0	0	0	0	0	0	0	0	0	0	0	0	0	0	0	0	0	0	0	0	0	0	0	0	0	0	0	0	0	0	0	0	0	0	0	0	0	0	0	0	0	0	0	0	0	0

73
NFATC1_pwmscan_hg38_31217_44715
chr1	1173880	1173881	0	0	0	0	0	0	0	0	0	0	0	0	0	0	0	0	0	0	0	0	0	0	0	0	0	0	0	0	0	0	0	0	0	0	0	0	0	0	0	0	0	0	0	0	0	0	0	0	0	0	0	0	0	0	0	0	0	0	0	0	0	0	0	0	0	0	0	0	0	0	0	0	0	0	0

74
NKX25_pwmscan_hg38_39533_43866
chr1	1173880	1173881	0	0	0	0	0	0	0	0	0	0	0	0	0	0	0	0	0	0	0	0	0	0	0	0	0	0	0	0	0	0	0	0	0	0	0	0	0	0	0	0	0	0	0	0	0	0	0	0	0	0	0	0	0	0	0	0	0	0	0	0	0	0	0	0	0	0	0	0	0	0	0	0	0	0	0	0

75
NKX3_1_pwmscan_hg38_43163_4491
chr1	1173880	1173881	0	0	0	0	0	0	0	0	0	0	0	0	0	0	0	0	0	0	0	0	0	0	0	0	0	0	0	0	0	0	0	0	0	0	0	0	0	0	0	0	0	0	0	0	0	0	0	0	0	0	0	0	0	0	0	0	0	0	0	0	0	0	0	0	0	0	0	0	0	0	0	0	0	0	0	0	0

76
NOTO_pwmscan_hg38_28887_33633
chr1	1173880	1173881	0	0	0	0	0	0	0	0	0	0	0	0	0	0	0	0	0	0	0	0	0	0	0	0	0	0	0	0	0	0	0	0	0	0	0	0	0	0	0	0	0	0	0	0	0	0	0	0	0	0	0	0	0	0	0	0	0	0	0	0	0	0	0	0	0	0	0	0	0	0	0	0	0	0	0	0	0	0

77
OVOL2_pwmscan_hg38_39701_44177
chr1	1173880	1173881	0	0	0	0	0	0	0	0	0	0	0	0	0	0	0	0	0	0	0	0	0	0	0	0	0	0	0	0	0	0	0	0	0	0	0	0	0	0	0	0	0	0	0	0	0	0	0	0	0	0	0	0	0	0	0	0	0	0	0	0	0	0	0	0	0	0	0	0	0	0	0	0	0	0	0	0	0	0	0

78
PAX8_pwmscan_hg38_44374_46322
chr1	1173880	1173881	0	0	0	0	0	0	0	0	0	0	0	0	0	0	0	0	0	0	0	0	0	0	0	0	0	0	0	0	0	0	0	0	0	0	0	0	0	0	0	0	0	0	0	0	0	0	0	0	0	0	0	0	0	0	0	0	0	0	0	0	0	0	0	0	0	0	0	0	0	0	0	0	0	0	0	0	0	0	0	0

79
PITX2_pwmscan_hg38_41734_46461
chr1	1173880	1173881	0	0	0	0	0	0	0	0	0	0	0	0	0	0	0	0	0	0	0	0	0	0	0	0	0	0	0	0	0	0	0	0	0	0	0	0	0	0	0	0	0	0	0	0	0	0	0	0	0	0	0	0	0	0	0	0	0	0	0	0	0	0	0	0	0	0	0	0	0	0	0	0	0	0	0	0	0	0	0	0	0

80
POU4F1_pwmscan_hg38_11435_12160
chr1	1173880	1173881	0	0	0	0	0	0	0	0	0	0	0	0	0	0	0	0	0	0	0	0	0	0	0	0	0	0	0	0	0	0	0	0	0	0	0	0	0	0	0	0	0	0	0	0	0	0	0	0	0	0	0	0	0	0	0	0	0	0	0	0	0	0	0	0	0	0	0	0	0	0	0	0	0	0	0	0	0	0	0	0	0	0

81
POU4F1_pwmscan_hg38_47659_38526
chr1	1173880	1173881	0	0	0	0	0	0	0	0	0	0	0	0	0	0	0	0	0	0	0	0	0	0	0	0	0	0	0	0	0	0	0	0	0	0	0	0	0	0	0	0	0	0	0	0	0	0	0	0	0	0	0	0	0	0	0	0	0	0	0	0	0	0	0	0	0	0	0	0	0	0	0	0	0	0	0	0	0	0	0	0	0	0	0

82
PPARD_pwmscan_hg38_35563_48082
chr1	1173880	1173881	0	0	0	0	0	0	0	0	0	0	0	0	0	0	0	0	0	0	0	0	0	0	0	0	0	0	0	0	0	0	0	0	0	0	0	0	0	0	0	0	0	0	0	0	0	0	0	0	0	0	0	0	0	0	0	0	0	0	0	0	0	0	0	0	0	0	0	0	0	0	0	0	0	0	0	0	0	0	0	0	0	0	0	0

83
PPARG_pwmscan_hg38_27664_10529
chr1	1173880	1173881	0	0	0	0	0	0	0	0	0	0	0	0	0	0	0	0	0	0	0	0	0	0	0	0	0	0	0	0	0	0	0	0	0	0	0	0	0	0	0	0	0	0	0	0	0	0	0	0	0	0	0	0	0	0	0	0	0	0	0	0	0	0	0	0	0	0	0	0	0	0	0	0	0	0	0	0	0	0	0	0	0	0	0	0	0

84
PRD14_pwmscan_hg38_48118_48439
chr1	1173880	1173881	0	0	0	0	0	0	0	0	0	0	0	0	0	0	0	0	0	0	0	0	0	0	0	0	0	0	0	0	0	0	0	0	0	0	0	0	0	0	0	0	0	0	0	0	0	0	0	0	0	0	0	0	0	0	0	0	0	0	0	0	0	0	0	0	0	0	0	0	0	0	0	0	0	0	0	0	0	0	0	0	0	0	0	0	0	0

85
PRDM1_pwmscan_hg38_38048_46851
chr1	1173880	1173881	0	0	0	0	0	0	0	0	0	0	0	0	0	0	0	0	0	0	0	0	0	0	0	0	0	0	0	0	0	0	0	0	0	0	0	0	0	0	0	0	0	0	0	0	0	0	0	0	0	0	0	0	0	0	0	0	0	0	0	0	0	0	0	0	0	0	0	0	0	0	0	0	0	0	0	0	0	0	0	0	0	0	0	0	0	0	0

86
PROX1_pwmscan_hg38_33324_13670
chr1	1173880	1173881	0	0	0	0	0	0	0	0	0	0	0	0	0	0	0	0	0	0	0	0	0	0	0	0	0	0	0	0	0	0	0	0	0	0	0	0	0	0	0	0	0	0	0	0	0	0	0	0	0	0	0	0	0	0	0	0	0	0	0	0	0	0	0	0	0	0	0	0	0	0	0	0	0	0	0	0	0	0	0	0	0	0	0	0	0	0	0	0

87
RARA_pwmscan_hg38_47659_33241
chr1	1173880	1173881	0	0	0	0	0	0	0	0	0	0	0	0	0	0	0	0	0	0	0	0	0	0	0	0	0	0	0	0	0	0	0	0	0	0	0	0	0	0	0	0	0	0	0	0	0	0	0	0	0	0	0	0	0	0	0	0	0	0	0	0	0	0	0	0	0	0	0	0	0	0	0	0	0	0	0	0	0	0	0	0	0	0	0	0	0	0	0	0	0

88
RARB_pwmscan_hg38_48313_3308
chr1	1173880	1173881	0	0	0	0	0	0	0	0	0	0	0	0	0	0	0	0	0	0	0	0	0	0	0	0	0	0	0	0	0	0	0	0	0	0	0	0	0	0	0	0	0	0	0	0	0	0	0	0	0	0	0	0	0	0	0	0	0	0	0	0	0	0	0	0	0	0	0	0	0	0	0	0	0	0	0	0	0	0	0	0	0	0	0	0	0	0	0	0	0	0

89
RBPJ_pwmscan_hg38_10402_12301
chr1	1173880	1173881	0	0	0	0	0	0	0	0	0	0	0	0	0	0	0	0	0	0	0	0	0	0	0	0	0	0	0	0	0	0	0	0	0	0	0	0	0	0	0	0	0	0	0	0	0	0	0	0	0	0	0	0	0	0	0	0	0	0	0	0	0	0	0	0	0	0	0	0	0	0	0	0	0	0	0	0	0	0	0	0	0	0	0	0	0	0	0	0	0	0	0

90
REST_pwmscan_hg38_11121_3574
chr1	1173880	1173881	0	0	0	0	0	0	0	0	0	0	0	0	0	0	0	0	0	0	0	0	0	0	0	0	0	0	0	0	0	0	0	0	0	0	0	0	0	0	0	0	0	0	0	0	0	0	0	0	0	0	0	0	0	0	0	0	0	0	0	0	0	0	0	0	0	0	0	0	0	0	0	0	0	0	0	0	0	0	0	0	0	0	0	0	0	0	0	0	0	0	0	0

91
SHOX2_pwmscan_hg38_44375_4511
chr1	1173880	1173881	0	0	0	0	0	0	0	0	0	0	0	0	0	0	0	0	0	0	0	0	0	0	0	0	0	0	0	0	0	0	0	0	0	0	0	0	0	0	0	0	0	0	0	0	0	0	0	0	0	0	0	0	0	0	0	0	0	0	0	0	0	0	0	0	0	0	0	0	0	0	0	0	0	0	0	0	0	0	0	0	0	0	0	0	0	0	0	0	0	0	0	0	0

92
SIX1_pwmscan_hg38_42746_19293
chr1	1173880	1173881	0	0	0	0	0	0	0	0	0	0	0	0	0	0	0	0	0	0	0	0	0	0	0	0	0	0	0	0	0	0	0	0	0	0	0	0	0	0	0	0	0	0	0	0	0	0	0	0	0	0	0	0	0	0	0	0	0	0	0	0	0	0	0	0	0	0	0	0	0	0	0	0	0	0	0	0	0	0	0	0	0	0	0	0	0	0	0	0	0	0	0	0	0	0

93
SMAD1_pwmscan_hg38_44445_5787
chr1	1173880	1173881	0	0	0	0	0	0	0	0	0	0	0	0	0	0	0	0	0	0	0	0	0	0	0	0	0	0	0	0	0	0	0	0	0	0	0	0	0	0	0	0	0	0	0	0	0	0	0	0	0	0	0	0	0	0	0	0	0	0	0	0	0	0	0	0	0	0	0	0	0	0	0	0	0	0	0	0	0	0	0	0	0	0	0	0	0	0	0	0	0	0	0	0	0	0	0

94
SMAD3_pwmscan_hg38_47659_6575
chr1	1173880	1173881	0	0	0	0	0	0	0	0	0	0	0	0	0	0	0	0	0	0	0	0	0	0	0	0	0	0	0	0	0	0	0	0	0	0	0	0	0	0	0	0	0	0	0	0	0	0	0	0	0	0	0	0	0	0	0	0	0	0	0	0	0	0	0	0	0	0	0	0	0	0	0	0	0	0	0	0	0	0	0	0	0	0	0	0	0	0	0	0	0	0	0	0	0	0	0	0

95
SMAD4_pwmscan_hg38_44288_6824
chr1	1173880	1173881	0	0	0	0	0	0	0	0	0	0	0	0	0	0	0	0	0	0	0	0	0	0	0	0	0	0	0	0	0	0	0	0	0	0	0	0	0	0	0	0	0	0	0	0	0	0	0	0	0	0	0	0	0	0	0	0	0	0	0	0	0	0	0	0	0	0	0	0	0	0	0	0	0	0	0	0	0	0	0	0	0	0	0	0	0	0	0	0	0	0	0	0	0	0	0	0	0

96
SNAI1_pwmscan_hg38_46684_9294
chr1	1173880	1173881	0	0	0	0	0	0	0	0	0	0	0	0	0	0	0	0	0	0	0	0	0	0	0	0	0	0	0	0	0	0	0	0	0	0	0	0	0	0	0	0	0	0	0	0	0	0	0	0	0	0	0	0	0	0	0	0	0	0	0	0	0	0	0	0	0	0	0	0	0	0	0	0	0	0	0	0	0	0	0	0	0	0	0	0	0	0	0	0	0	0	0	0	0	0	0	0	0	0

97
SNAI2_pwmscan_hg38_27665_28556
chr1	1173880	1173881	0	0	0	0	0	0	0	0	0	0	0	0	0	0	0	0	0	0	0	0	0	0	0	0	0	0	0	0	0	0	0	0	0	0	0	0	0	0	0	0	0	0	0	0	0	0	0	0	0	0	0	0	0	0	0	0	0	0	0	0	0	0	0	0	0	0	0	0	0	0	0	0	0	0	0	0	0	0	0	0	0	0	0	0	0	0	0	0	0	0	0	0	0	0	0	0	0	0	0

98
SOX11_pwmscan_hg38_43996_10436
chr1	1173880	1173881	0	0	0	0	0	0	0	0	0	0	0	0	0	0	0	0	0	0	0	0	0	0	0	0	0	0	0	0	0	0	0	0	0	0	0	0	0	0	0	0	0	0	0	0	0	0	0	0	0	0	0	0	0	0	0	0	0	0	0	0	0	0	0	0	0	0	0	0	0	0	0	0	0	0	0	0	0	0	0	0	0	0	0	0	0	0	0	0	0	0	0	0	0	0	0	0	0	0	0	0

99
SOX17_pwmscan_hg38_9606_11798
chr1	1173880	1173881	0	0	0	0	0	0	0	0	0	0	0	0	0	0	0	0	0	0	0	0	0	0	0	0	0	0	0	0	0	0	0	0	0	0	0	0	0	0	0	0	0	0	0	0	0	0	0	0	0	0	0	0	0	0	0	0	0	0	0	0	0	0	0	0	0	0	0	0	0	0	0	0	0	0	0	0	0	0	0	0	0	0	0	0	0	0	0	0	0	0	0	0	0	0	0	0	0	0	0	0	0

100
SOX18_pwmscan_hg38_9606_12295
chr1	1173880	1173881	0	0	0	0	0	0	0	0	0	0	0	0	0	0	0	0	0	0	0	0	0	0	0	0	0	0	0	0	0	0	0	0	0	0	0	0	0	0	0	0	0	0	0	0	0	0	0	0	0	0	0	0	0	0	0	0	0	0	0	0	0	0	0	0	0	0	0	0	0	0	0	0	0	0	0	0	0	0	0	0	0	0	0	0	0	0	0	0	0	0	0	0	0	0	0	0	0	0	0	0	0	0

101
SOX4_pwmscan_hg38_20348_27236
chr1	1173880	1173881	0	0	0	0	0	0	0	0	0	0	0	0	0	0	0	0	0	0	0	0	0	0	0	0	0	0	0	0	0	0	0	0	0	0	0	0	0	0	0	0	0	0	0	0	0	0	0	0	0	0	0	0	0	0	0	0	0	0	0	0	0	0	0	0	0	0	0	0	0	0	0	0	0	0	0	0	0	0	0	0	0	0	0	0	0	0	0	0	0	0	0	0	0	0	0	0	0	0	0	0	0	0	0

102
SOX9_pwmscan_hg38_11121_9563
chr1	1173880	1173881	0	0	0	0	0	0	0	0	0	0	0	0	0	0	0	0	0	0	0	0	0	0	0	0	0	0	0	0	0	0	0	0	0	0	0	0	0	0	0	0	0	0	0	0	0	0	0	0	0	0	0	0	0	0	0	0	0	0	0	0	0	0	0	0	0	0	0	0	0	0	0	0	0	0	0	0	0	0	0	0	0	0	0	0	0	0	0	0	0	0	0	0	0	0	0	0	0	0	0	0	0	0	0	0

103
SRF_pwmscan_hg38_27664_8726
chr1	1173880	1173881	0	0	0	0	0	0	0	0	0	0	0	0	0	0	0	0	0	0	0	0	0	0	0	0	0	0	0	0	0	0	0	0	0	0	0	0	0	0	0	0	0	0	0	0	0	0	0	0	0	0	0	0	0	0	0	0	0	0	0	0	0	0	0	0	0	0	0	0	0	0	0	0	0	0	0	0	0	0	0	0	0	0	0	0	0	0	0	0	0	0	0	0	0	0	0	0	0	0	0	0	0	0	0	0	0

104
TBX1_pwmscan_hg38_38292_542
chr1	1173880	1173881	0	0	0	0	0	0	0	0	0	0	0	0	0	0	0	0	0	0	0	0	0	0	0	0	0	0	0	0	0	0	0	0	0	0	0	0	0	0	0	0	0	0	0	0	0	0	0	0	0	0	0	0	0	0	0	0	0	0	0	0	0	0	0	0	0	0	0	0	0	0	0	0	0	0	0	0	0	0	0	0	0	0	0	0	0	0	0	0	0	0	0	0	0	0	0	0	0	0	0	0	0	0	0	0	0	0

105
TBX20_pwmscan_hg38_30239_36307
chr1	1173880	1173881	0	0	0	0	0	0	0	0	0	0	0	0	0	0	0	0	0	0	0	0	0	0	0	0	0	0	0	0	0	0	0	0	0	0	0	0	0	0	0	0	0	0	0	0	0	0	0	0	0	0	0	0	0	0	0	0	0	0	0	0	0	0	0	0	0	0	0	0	0	0	0	0	0	0	0	0	0	0	0	0	0	0	0	0	0	0	0	0	0	0	0	0	0	0	0	0	0	0	0	0	0	0	0	0	0	0	0

106
TBX2_pwmscan_hg38_30239_37929
chr1	1173880	1173881	0	0	0	0	0	0	0	0	0	0	0	0	0	0	0	0	0	0	0	0	0	0	0	0	0	0	0	0	0	0	0	0	0	0	0	0	0	0	0	0	0	0	0	0	0	0	0	0	0	0	0	0	0	0	0	0	0	0	0	0	0	0	0	0	0	0	0	0	0	0	0	0	0	0	0	0	0	0	0	0	0	0	0	0	0	0	0	0	0	0	0	0	0	0	0	0	0	0	0	0	0	0	0	0	0	0	0	0

107
TBX3_pwmscan_hg38_48118_14186
chr1	1173880	1173881	0	0	0	0	0	0	0	0	0	0	0	0	0	0	0	0	0	0	0	0	0	0	0	0	0	0	0	0	0	0	0	0	0	0	0	0	0	0	0	0	0	0	0	0	0	0	0	0	0	0	0	0	0	0	0	0	0	0	0	0	0	0	0	0	0	0	0	0	0	0	0	0	0	0	0	0	0	0	0	0	0	0	0	0	0	0	0	0	0	0	0	0	0	0	0	0	0	0	0	0	0	0	0	0	0	0	0	0	0

108
TBX5_pwmscan_hg38_47636_48695
chr1	1173880	1173881	0	0	0	0	0	0	0	0	0	0	0	0	0	0	0	0	0	0	0	0	0	0	0	0	0	0	0	0	0	0	0	0	0	0	0	0	0	0	0	0	0	0	0	0	0	0	0	0	0	0	0	0	0	0	0	0	0	0	0	0	0	0	0	0	0	0	0	0	0	0	0	0	0	0	0	0	0	0	0	0	0	0	0	0	0	0	0	0	0	0	0	0	0	0	0	0	0	0	0	0	0	0	0	0	0	0	0	0	0	0

109
TEAD2_pwmscan_hg38_6370_18229
chr1	1173880	1173881	0	0	0	0	0	0	0	0	0	0	0	0	0	0	0	0	0	0	0	0	0	0	0	0	0	0	0	0	0	0	0	0	0	0	0	0	0	0	0	0	0	0	0	0	0	0	0	0	0	0	0	0	0	0	0	0	0	0	0	0	0	0	0	0	0	0	0	0	0	0	0	0	0	0	0	0	0	0	0	0	0	0	0	0	0	0	0	0	0	0	0	0	0	0	0	0	0	0	0	0	0	0	0	0	0	0	0	0	0	0	0

110
TP53_pwmscan_hg38_20055_27716
chr1	1173880	1173881	0	0	0	0	0	0	0	0	0	0	0	0	0	0	0	0	0	0	0	0	0	0	0	0	0	0	0	0	0	0	0	0	0	0	0	0	0	0	0	0	0	0	0	0	0	0	0	0	0	0	0	0	0	0	0	0	0	0	0	0	0	0	0	0	0	0	0	0	0	0	0	0	0	0	0	0	0	0	0	0	0	0	0	0	0	0	0	0	0	0	0	0	0	0	0	0	0	0	0	0	0	0	0	0	0	0	0	0	0	0	0	0

111
TP53_pwmscan_hg38_4482_5454
chr1	1173880	1173881	0	0	0	0	0	0	0	0	0	0	0	0	0	0	0	0	0	0	0	0	0	0	0	0	0	0	0	0	0	0	0	0	0	0	0	0	0	0	0	0	0	0	0	0	0	0	0	0	0	0	0	0	0	0	0	0	0	0	0	0	0	0	0	0	0	0	0	0	0	0	0	0	0	0	0	0	0	0	0	0	0	0	0	0	0	0	0	0	0	0	0	0	0	0	0	0	0	0	0	0	0	0	0	0	0	0	0	0	0	0	0	0	0

112
TWIST1_pwmscan_hg38_38398_47795
chr1	1173880	1173881	0	0	0	0	0	0	0	0	0	0	0	0	0	0	0	0	0	0	0	0	0	0	0	0	0	0	0	0	0	0	0	0	0	0	0	0	0	0	0	0	0	0	0	0	0	0	0	0	0	0	0	0	0	0	0	0	0	0	0	0	0	0	0	0	0	0	0	0	0	0	0	0	0	0	0	0	0	0	0	0	0	0	0	0	0	0	0	0	0	0	0	0	0	0	0	0	0	0	0	0	0	0	0	0	0	0	0	0	0	0	0	0	0	0

113
WT1_pwmscan_hg38_43996_14775
chr1	1173880	1173881	0	0	0	0	0	0	0	0	0	0	0	0	0	0	0	0	0	0	0	0	0	0	0	0	0	0	0	0	0	0	0	0	0	0	0	0	0	0	0	0	0	0	0	0	0	0	0	0	0	0	0	0	0	0	0	0	0	0	0	0	0	0	0	0	0	0	0	0	0	0	0	0	0	0	0	0	0	0	0	0	0	0	0	0	0	0	0	0	0	0	0	0	0	0	0	0	0	0	0	0	0	0	0	0	0	0	0	0	0	0	0	0	0	0	0

114
YY1_pwmscan_hg38_43315_7423
chr1	1173880	1173881	0	0	0	0	0	0	0	0	0	0	0	0	0	0	0	0	0	0	0	0	0	0	0	0	0	0	0	0	0	0	0	0	0	0	0	0	0	0	0	0	0	0	0	0	0	0	0	0	0	0	0	0	0	0	0	0	0	0	0	0	0	0	0	0	0	0	0	0	0	0	0	0	0	0	0	0	0	0	0	0	0	0	0	0	0	0	0	0	0	0	0	0	0	0	0	0	0	0	0	0	0	0	0	0	0	0	0	0	0	0	0	0	0	0	0	0

115
ZBT14_pwmscan_hg38_43996_16382
chr1	1173880	1173881	0	0	0	0	0	0	0	0	0	0	0	0	0	0	0	0	0	0	0	0	0	0	0	0	0	0	0	0	0	0	0	0	0	0	0	0	0	0	0	0	0	0	0	0	0	0	0	0	0	0	0	0	0	0	0	0	0	0	0	0	0	0	0	0	0	0	0	0	0	0	0	0	0	0	0	0	0	0	0	0	0	0	0	0	0	0	0	0	0	0	0	0	0	0	0	0	0	0	0	0	0	0	0	0	0	0	0	0	0	0	0	0	0	0	0	0	0

116
ZIC3_pwmscan_hg38_33324_35656
chr1	1173880	1173881	0	0	0	0	0	0	0	0	0	0	0	0	0	0	0	0	0	0	0	0	0	0	0	0	0	0	0	0	0	0	0	0	0	0	0	0	0	0	0	0	0	0	0	0	0	0	0	0	0	0	0	0	0	0	0	0	0	0	0	0	0	0	0	0	0	0	0	0	0	0	0	0	0	0	0	0	0	0	0	0	0	0	0	0	0	0	0	0	0	0	0	0	0	0	0	0	0	0	0	0	0	0	0	0	0	0	0	0	0	0	0	0	0	0	0	0	0	0

117
vista_hg38
chr1	1173880	1173881	0	0	0	0	0	0	0	0	0	0	0	0	0	0	0	0	0	0	0	0	0	0	0	0	0	0	0	0	0	0	0	0	0	0	0	0	0	0	0	0	0	0	0	0	0	0	0	0	0	0	0	0	0	0	0	0	0	0	0	0	0	0	0	0	0	0	0	0	0	0	0	0	0	0	0	0	0	0	0	0	0	0	0	0	0	0	0	0	0	0	0	0	0	0	0	0	0	0	0	0	0	0	0	0	0	0	0	0	0	0	0	0	0	0	0	0	0	0	0

118
DFF012AGB
chr1	1173880	1173881	0	0	0	0	0	0	0	0	0	0	0	0	0	0	0	0	0	0	0	0	0	0	0	0	0	0	0	0	0	0	0	0	0	0	0	0	0	0	0	0	0	0	0	0	0	0	0	0	0	0	0	0	0	0	0	0	0	0	0	0	0	0	0	0	0	0	0	0	0	0	0	0	0	0	0	0	0	0	0	0	0	0	0	0	0	0	0	0	0	0	0	0	0	0	0	0	0	0	0	0	0	0	0	0	0	0	0	0	0	0	0	0	0	0	0	0	0	0	0	0

119
DFF017NNG
chr1	1173880	1173881	0	0	0	0	0	0	0	0	0	0	0	0	0	0	0	0	0	0	0	0	0	0	0	0	0	0	0	0	0	0	0	0	0	0	0	0	0	0	0	0	0	0	0	0	0	0	0	0	0	0	0	0	0	0	0	0	0	0	0	0	0	0	0	0	0	0	0	0	0	0	0	0	0	0	0	0	0	0	0	0	0	0	0	0	0	0	0	0	0	0	0	0	0	0	0	0	0	0	0	0	0	0	0	0	0	0	0	0	0	0	0	0	0	0	0	0	0	0	0	0	0

120
DFF029APW
chr1	1173880	1173881	0	0	0	0	0	0	0	0	0	0	0	0	0	0	0	0	0	0	0	0	0	0	0	0	0	0	0	0	0	0	0	0	0	0	0	0	0	0	0	0	0	0	0	0	0	0	0	0	0	0	0	0	0	0	0	0	0	0	0	0	0	0	0	0	0	0	0	0	0	0	0	0	0	0	0	0	0	0	0	0	0	0	0	0	0	0	0	0	0	0	0	0	0	0	0	0	0	0	0	0	0	0	0	0	0	0	0	0	0	0	0	0	0	0	0	0	0	0	0	0	0	0

121
DFF090AWG
chr1	1173880	1173881	0	0	0	0	0	0	0	0	0	0	0	0	0	0	0	0	0	0	0	0	0	0	0	0	0	0	0	0	0	0	0	0	0	0	0	0	0	0	0	0	0	0	0	0	0	0	0	0	0	0	0	0	0	0	0	0	0	0	0	0	0	0	0	0	0	0	0	0	0	0	0	0	0	0	0	0	0	0	0	0	0	0	0	0	0	0	0	0	0	0	0	0	0	0	0	0	0	0	0	0	0	0	0	0	0	0	0	0	0	0	0	0	0	0	0	0	0	0	0	0	0	0	0

122
DFF165PSK
chr1	1173880	1173881	0	0	0	0	0	0	0	0	0	0	0	0	0	0	0	0	0	0	0	0	0	0	0	0	0	0	0	0	0	0	0	0	0	0	0	0	0	0	0	0	0	0	0	0	0	0	0	0	0	0	0	0	0	0	0	0	0	0	0	0	0	0	0	0	0	0	0	0	0	0	0	0	0	0	0	0	0	0	0	0	0	0	0	0	0	0	0	0	0	0	0	0	0	0	0	0	0	0	0	0	0	0	0	0	0	0	0	0	0	0	0	0	0	0	0	0	0	0	0	0	0	0	0	0

123
DFF201AVG
chr1	1173880	1173881	0	0	0	0	0	0	0	0	0	0	0	0	0	0	0	0	0	0	0	0	0	0	0	0	0	0	0	0	0	0	0	0	0	0	0	0	0	0	0	0	0	0	0	0	0	0	0	0	0	0	0	0	0	0	0	0	0	0	0	0	0	0	0	0	0	0	0	0	0	0	0	0	0	0	0	0	0	0	0	0	0	0	0	0	0	0	0	0	0	0	0	0	0	0	0	0	0	0	0	0	0	0	0	0	0	0	0	0	0	0	0	0	0	0	0	0	0	0	0	0	0	0	0	0	1

124
DFF208QZK
chr1	1173880	1173881	0	0	0	0	0	0	0	0	0	0	0	0	0	0	0	0	0	0	0	0	0	0	0	0	0	0	0	0	0	0	0	0	0	0	0	0	0	0	0	0	0	0	0	0	0	0	0	0	0	0	0	0	0	0	0	0	0	0	0	0	0	0	0	0	0	0	0	0	0	0	0	0	0	0	0	0	0	0	0	0	0	0	0	0	0	0	0	0	0	0	0	0	0	0	0	0	0	0	0	0	0	0	0	0	0	0	0	0	0	0	0	0	0	0	0	0	0	0	0	0	0	0	0	0	1	0

125
DFF233YXQ
chr1	1173880	1173881	0	0	0	0	0	0	0	0	0	0	0	0	0	0	0	0	0	0	0	0	0	0	0	0	0	0	0	0	0	0	0	0	0	0	0	0	0	0	0	0	0	0	0	0	0	0	0	0	0	0	0	0	0	0	0	0	0	0	0	0	0	0	0	0	0	0	0	0	0	0	0	0	0	0	0	0	0	0	0	0	0	0	0	0	0	0	0	0	0	0	0	0	0	0	0	0	0	0	0	0	0	0	0	0	0	0	0	0	0	0	0	0	0	0	0	0	0	0	0	0	0	0	0	0	1	0	0

126
DFF249RGM
chr1	1173880	1173881	0	0	0	0	0	0	0	0	0	0	0	0	0	0	0	0	0	0	0	0	0	0	0	0	0	0	0	0	0	0	0	0	0	0	0	0	0	0	0	0	0	0	0	0	0	0	0	0	0	0	0	0	0	0	0	0	0	0	0	0	0	0	0	0	0	0	0	0	0	0	0	0	0	0	0	0	0	0	0	0	0	0	0	0	0	0	0	0	0	0	0	0	0	0	0	0	0	0	0	0	0	0	0	0	0	0	0	0	0	0	0	0	0	0	0	0	0	0	0	0	0	0	0	0	1	0	0	0

127
DFF262NPA
chr1	1173880	1173881	0	0	0	0	0	0	0	0	0	0	0	0	0	0	0	0	0	0	0	0	0	0	0	0	0	0	0	0	0	0	0	0	0	0	0	0	0	0	0	0	0	0	0	0	0	0	0	0	0	0	0	0	0	0	0	0	0	0	0	0	0	0	0	0	0	0	0	0	0	0	0	0	0	0	0	0	0	0	0	0	0	0	0	0	0	0	0	0	0	0	0	0	0	0	0	0	0	0	0	0	0	0	0	0	0	0	0	0	0	0	0	0	0	0	0	0	0	0	0	0	0	0	0	0	1	0	0	0	0

128
DFF307JWU
chr1	1173880	1173881	0	0	0	0	0	0	0	0	0	0	0	0	0	0	0	0	0	0	0	0	0	0	0	0	0	0	0	0	0	0	0	0	0	0	0	0	0	0	0	0	0	0	0	0	0	0	0	0	0	0	0	0	0	0	0	0	0	0	0	0	0	0	0	0	0	0	0	0	0	0	0	0	0	0	0	0	0	0	0	0	0	0	0	0	0	0	0	0	0	0	0	0	0	0	0	0	0	0	0	0	0	0	0	0	0	0	0	0	0	0	0	0	0	0	0	0	0	0	0	0	0	0	0	0	1	0	0	0	0	0

129
DFF307LLE
chr1	1173880	1173881	0	0	0	0	0	0	0	0	0	0	0	0	0	0	0	0	0	0	0	0	0	0	0	0	0	0	0	0	0	0	0	0	0	0	0	0	0	0	0	0	0	0	0	0	0	0	0	0	0	0	0	0	0	0	0	0	0	0	0	0	0	0	0	0	0	0	0	0	0	0	0	0	0	0	0	0	0	0	0	0	0	0	0	0	0	0	0	0	0	0	0	0	0	0	0	0	0	0	0	0	0	0	0	0	0	0	0	0	0	0	0	0	0	0	0	0	0	0	0	0	0	0	0	0	1	0	0	0	0	0	0

130
DFF316NIT
chr1	1173880	1173881	0	0	0	0	0	0	0	0	0	0	0	0	0	0	0	0	0	0	0	0	0	0	0	0	0	0	0	0	0	0	0	0	0	0	0	0	0	0	0	0	0	0	0	0	0	0	0	0	0	0	0	0	0	0	0	0	0	0	0	0	0	0	0	0	0	0	0	0	0	0	0	0	0	0	0	0	0	0	0	0	0	0	0	0	0	0	0	0	0	0	0	0	0	0	0	0	0	0	0	0	0	0	0	0	0	0	0	0	0	0	0	0	0	0	0	0	0	0	0	0	0	0	0	0	1	0	0	0	0	0	0	0

131
DFF367ZAV
chr1	1173880	1173881	0	0	0	0	0	0	0	0	0	0	0	0	0	0	0	0	0	0	0	0	0	0	0	0	0	0	0	0	0	0	0	0	0	0	0	0	0	0	0	0	0	0	0	0	0	0	0	0	0	0	0	0	0	0	0	0	0	0	0	0	0	0	0	0	0	0	0	0	0	0	0	0	0	0	0	0	0	0	0	0	0	0	0	0	0	0	0	0	0	0	0	0	0	0	0	0	0	0	0	0	0	0	0	0	0	0	0	0	0	0	0	0	0	0	0	0	0	0	0	0	0	0	0	0	1	0	0	0	0	0	0	0	0

132
DFF371HWB
chr1	1173880	1173881	0	0	0	0	0	0	0	0	0	0	0	0	0	0	0	0	0	0	0	0	0	0	0	0	0	0	0	0	0	0	0	0	0	0	0	0	0	0	0	0	0	0	0	0	0	0	0	0	0	0	0	0	0	0	0	0	0	0	0	0	0	0	0	0	0	0	0	0	0	0	0	0	0	0	0	0	0	0	0	0	0	0	0	0	0	0	0	0	0	0	0	0	0	0	0	0	0	0	0	0	0	0	0	0	0	0	0	0	0	0	0	0	0	0	0	0	0	0	0	0	0	0	0	0	1	0	0	0	0	0	0	0	0	0

133
DFF444FXW
chr1	1173880	1173881	0	0	0	0	0	0	0	0	0	0	0	0	0	0	0	0	0	0	0	0	0	0	0	0	0	0	0	0	0	0	0	0	0	0	0	0	0	0	0	0	0	0	0	0	0	0	0	0	0	0	0	0	0	0	0	0	0	0	0	0	0	0	0	0	0	0	0	0	0	0	0	0	0	0	0	0	0	0	0	0	0	0	0	0	0	0	0	0	0	0	0	0	0	0	0	0	0	0	0	0	0	0	0	0	0	0	0	0	0	0	0	0	0	0	0	0	0	0	0	0	0	0	0	0	1	0	0	0	0	0	0	0	0	0	0

134
DFF491GMJ
chr1	1173880	1173881	0	0	0	0	0	0	0	0	0	0	0	0	0	0	0	0	0	0	0	0	0	0	0	0	0	0	0	0	0	0	0	0	0	0	0	0	0	0	0	0	0	0	0	0	0	0	0	0	0	0	0	0	0	0	0	0	0	0	0	0	0	0	0	0	0	0	0	0	0	0	0	0	0	0	0	0	0	0	0	0	0	0	0	0	0	0	0	0	0	0	0	0	0	0	0	0	0	0	0	0	0	0	0	0	0	0	0	0	0	0	0	0	0	0	0	0	0	0	0	0	0	0	0	0	1	0	0	0	0	0	0	0	0	0	0	0

135
DFF512TCX
chr1	1173880	1173881	0	0	0	0	0	0	0	0	0	0	0	0	0	0	0	0	0	0	0	0	0	0	0	0	0	0	0	0	0	0	0	0	0	0	0	0	0	0	0	0	0	0	0	0	0	0	0	0	0	0	0	0	0	0	0	0	0	0	0	0	0	0	0	0	0	0	0	0	0	0	0	0	0	0	0	0	0	0	0	0	0	0	0	0	0	0	0	0	0	0	0	0	0	0	0	0	0	0	0	0	0	0	0	0	0	0	0	0	0	0	0	0	0	0	0	0	0	0	0	0	0	0	0	0	1	0	0	0	0	0	0	0	0	0	0	0	0

136
DFF528FIC
chr1	1173880	1173881	0	0	0	0	0	0	0	0	0	0	0	0	0	0	0	0	0	0	0	0	0	0	0	0	0	0	0	0	0	0	0	0	0	0	0	0	0	0	0	0	0	0	0	0	0	0	0	0	0	0	0	0	0	0	0	0	0	0	0	0	0	0	0	0	0	0	0	0	0	0	0	0	0	0	0	0	0	0	0	0	0	0	0	0	0	0	0	0	0	0	0	0	0	0	0	0	0	0	0	0	0	0	0	0	0	0	0	0	0	0	0	0	0	0	0	0	0	0	0	0	0	0	0	0	1	0	0	0	0	0	0	0	0	0	0	0	0	0

137
DFF552AGR
chr1	1173880	1173881	0	0	0	0	0	0	0	0	0	0	0	0	0	0	0	0	0	0	0	0	0	0	0	0	0	0	0	0	0	0	0	0	0	0	0	0	0	0	0	0	0	0	0	0	0	0	0	0	0	0	0	0	0	0	0	0	0	0	0	0	0	0	0	0	0	0	0	0	0	0	0	0	0	0	0	0	0	0	0	0	0	0	0	0	0	0	0	0	0	0	0	0	0	0	0	0	0	0	0	0	0	0	0	0	0	0	0	0	0	0	0	0	0	0	0	0	0	0	0	0	0	0	0	0	1	0	0	0	0	0	0	0	0	0	0	0	0	0	0

138
DFF559UZT
chr1	1173880	1173881	0	0	0	0	0	0	0	0	0	0	0	0	0	0	0	0	0	0	0	0	0	0	0	0	0	0	0	0	0	0	0	0	0	0	0	0	0	0	0	0	0	0	0	0	0	0	0	0	0	0	0	0	0	0	0	0	0	0	0	0	0	0	0	0	0	0	0	0	0	0	0	0	0	0	0	0	0	0	0	0	0	0	0	0	0	0	0	0	0	0	0	0	0	0	0	0	0	0	0	0	0	0	0	0	0	0	0	0	0	0	0	0	0	0	0	0	0	0	0	0	0	0	0	0	1	0	0	0	0	0	0	0	0	0	0	0	0	0	0	0

139
DFF564GOU
chr1	1173880	1173881	0	0	0	0	0	0	0	0	0	0	0	0	0	0	0	0	0	0	0	0	0	0	0	0	0	0	0	0	0	0	0	0	0	0	0	0	0	0	0	0	0	0	0	0	0	0	0	0	0	0	0	0	0	0	0	0	0	0	0	0	0	0	0	0	0	0	0	0	0	0	0	0	0	0	0	0	0	0	0	0	0	0	0	0	0	0	0	0	0	0	0	0	0	0	0	0	0	0	0	0	0	0	0	0	0	0	0	0	0	0	0	0	0	0	0	0	0	0	0	0	0	0	0	0	1	0	0	0	0	0	0	0	0	0	0	0	0	0	0	0	0

140
DFF565QGM
chr1	1173880	1173881	0	0	0	0	0	0	0	0	0	0	0	0	0	0	0	0	0	0	0	0	0	0	0	0	0	0	0	0	0	0	0	0	0	0	0	0	0	0	0	0	0	0	0	0	0	0	0	0	0	0	0	0	0	0	0	0	0	0	0	0	0	0	0	0	0	0	0	0	0	0	0	0	0	0	0	0	0	0	0	0	0	0	0	0	0	0	0	0	0	0	0	0	0	0	0	0	0	0	0	0	0	0	0	0	0	0	0	0	0	0	0	0	0	0	0	0	0	0	0	0	0	0	0	0	1	0	0	0	0	0	0	0	0	0	0	0	0	0	0	0	0	0

141
DFF621YNV
chr1	1173880	1173881	0	0	0	0	0	0	0	0	0	0	0	0	0	0	0	0	0	0	0	0	0	0	0	0	0	0	0	0	0	0	0	0	0	0	0	0	0	0	0	0	0	0	0	0	0	0	0	0	0	0	0	0	0	0	0	0	0	0	0	0	0	0	0	0	0	0	0	0	0	0	0	0	0	0	0	0	0	0	0	0	0	0	0	0	0	0	0	0	0	0	0	0	0	0	0	0	0	0	0	0	0	0	0	0	0	0	0	0	0	0	0	0	0	0	0	0	0	0	0	0	0	0	0	0	1	0	0	0	0	0	0	0	0	0	0	0	0	0	0	0	0	0	0

142
DFF653TBJ
chr1	1173880	1173881	0	0	0	0	0	0	0	0	0	0	0	0	0	0	0	0	0	0	0	0	0	0	0	0	0	0	0	0	0	0	0	0	0	0	0	0	0	0	0	0	0	0	0	0	0	0	0	0	0	0	0	0	0	0	0	0	0	0	0	0	0	0	0	0	0	0	0	0	0	0	0	0	0	0	0	0	0	0	0	0	0	0	0	0	0	0	0	0	0	0	0	0	0	0	0	0	0	0	0	0	0	0	0	0	0	0	0	0	0	0	0	0	0	0	0	0	0	0	0	0	0	0	0	0	1	0	0	0	0	0	0	0	0	0	0	0	0	0	0	0	0	0	0	0

143
DFF729PKJ
chr1	1173880	1173881	0	0	0	0	0	0	0	0	0	0	0	0	0	0	0	0	0	0	0	0	0	0	0	0	0	0	0	0	0	0	0	0	0	0	0	0	0	0	0	0	0	0	0	0	0	0	0	0	0	0	0	0	0	0	0	0	0	0	0	0	0	0	0	0	0	0	0	0	0	0	0	0	0	0	0	0	0	0	0	0	0	0	0	0	0	0	0	0	0	0	0	0	0	0	0	0	0	0	0	0	0	0	0	0	0	0	0	0	0	0	0	0	0	0	0	0	0	0	0	0	0	0	0	0	1	0	0	0	0	0	0	0	0	0	0	0	0	0	0	0	0	0	0	0	0

144
DFF803PYP
chr1	1173880	1173881	0	0	0	0	0	0	0	0	0	0	0	0	0	0	0	0	0	0	0	0	0	0	0	0	0	0	0	0	0	0	0	0	0	0	0	0	0	0	0	0	0	0	0	0	0	0	0	0	0	0	0	0	0	0	0	0	0	0	0	0	0	0	0	0	0	0	0	0	0	0	0	0	0	0	0	0	0	0	0	0	0	0	0	0	0	0	0	0	0	0	0	0	0	0	0	0	0	0	0	0	0	0	0	0	0	0	0	0	0	0	0	0	0	0	0	0	0	0	0	0	0	0	0	0	1	0	0	0	0	0	0	0	0	0	0	0	0	0	0	0	0	0	0	0	0	0

145
DFF842KEC
chr1	1173880	1173881	0	0	0	0	0	0	0	0	0	0	0	0	0	0	0	0	0	0	0	0	0	0	0	0	0	0	0	0	0	0	0	0	0	0	0	0	0	0	0	0	0	0	0	0	0	0	0	0	0	0	0	0	0	0	0	0	0	0	0	0	0	0	0	0	0	0	0	0	0	0	0	0	0	0	0	0	0	0	0	0	0	0	0	0	0	0	0	0	0	0	0	0	0	0	0	0	0	0	0	0	0	0	0	0	0	0	0	0	0	0	0	0	0	0	0	0	0	0	0	0	0	0	0	0	1	0	0	0	0	0	0	0	0	0	0	0	0	0	0	0	0	0	0	0	0	0	0

146
DFF923IAT
chr1	1173880	1173881	0	0	0	0	0	0	0	0	0	0	0	0	0	0	0	0	0	0	0	0	0	0	0	0	0	0	0	0	0	0	0	0	0	0	0	0	0	0	0	0	0	0	0	0	0	0	0	0	0	0	0	0	0	0	0	0	0	0	0	0	0	0	0	0	0	0	0	0	0	0	0	0	0	0	0	0	0	0	0	0	0	0	0	0	0	0	0	0	0	0	0	0	0	0	0	0	0	0	0	0	0	0	0	0	0	0	0	0	0	0	0	0	0	0	0	0	0	0	0	0	0	0	0	0	1	0	0	0	0	0	0	0	0	0	0	0	0	0	0	0	0	0	0	0	0	0	0	0

147
DFF975AHB
chr1	1173880	1173881	0	0	0	0	0	0	0	0	0	0	0	0	0	0	0	0	0	0	0	0	0	0	0	0	0	0	0	0	0	0	0	0	0	0	0	0	0	0	0	0	0	0	0	0	0	0	0	0	0	0	0	0	0	0	0	0	0	0	0	0	0	0	0	0	0	0	0	0	0	0	0	0	0	0	0	0	0	0	0	0	0	0	0	0	0	0	0	0	0	0	0	0	0	0	0	0	0	0	0	0	0	0	0	0	0	0	0	0	0	0	0	0	0	0	0	0	0	0	0	0	0	0	0	0	1	0	0	0	0	0	0	0	0	0	0	0	0	0	0	0	0	0	0	0	0	0	0	0	0

148
ENCFF024FSS
chr1	1173880	1173881	0	0	0	0	0	0	0	0	0	0	0	0	0	0	0	0	0	0	0	0	0	0	0	0	0	0	0	0	0	0	0	0	0	0	0	0	0	0	0	0	0	0	0	0	0	0	0	0	0	0	0	0	0	0	0	0	0	0	0	0	0	0	0	0	0	0	0	0	0	0	0	0	0	0	0	0	0	0	0	0	0	0	0	0	0	0	0	0	0	0	0	0	0	0	0	0	0	0	0	0	0	0	0	0	0	0	0	0	0	0	0	0	0	0	0	0	0	0	0	0	0	0	0	0	1	0	0	0	0	0	0	0	0	0	0	0	0	0	0	0	0	0	0	0	0	0	0	0	0	0

149
ENCFF055YGM
chr1	1173880	1173881	0	0	0	0	0	0	0	0	0	0	0	0	0	0	0	0	0	0	0	0	0	0	0	0	0	0	0	0	0	0	0	0	0	0	0	0	0	0	0	0	0	0	0	0	0	0	0	0	0	0	0	0	0	0	0	0	0	0	0	0	0	0	0	0	0	0	0	0	0	0	0	0	0	0	0	0	0	0	0	0	0	0	0	0	0	0	0	0	0	0	0	0	0	0	0	0	0	0	0	0	0	0	0	0	0	0	0	0	0	0	0	0	0	0	0	0	0	0	0	0	0	0	0	0	1	0	0	0	0	0	0	0	0	0	0	0	0	0	0	0	0	0	0	0	0	0	0	0	0	0	0

150
ENCFF072LFQ
chr1	1173880	1173881	0	0	0	0	0	0	0	0	0	0	0	0	0	0	0	0	0	0	0	0	0	0	0	0	0	0	0	0	0	0	0	0	0	0	0	0	0	0	0	0	0	0	0	0	0	0	0	0	0	0	0	0	0	0	0	0	0	0	0	0	0	0	0	0	0	0	0	0	0	0	0	0	0	0	0	0	0	0	0	0	0	0	0	0	0	0	0	0	0	0	0	0	0	0	0	0	0	0	0	0	0	0	0	0	0	0	0	0	0	0	0	0	0	0	0	0	0	0	0	0	0	0	0	0	1	0	0	0	0	0	0	0	0	0	0	0	0	0	0	0	0	0	0	0	0	0	0	0	0	0	0	0

151
ENCFF124JSN
chr1	1173880	1173881	0	0	0	0	0	0	0	0	0	0	0	0	0	0	0	0	0	0	0	0	0	0	0	0	0	0	0	0	0	0	0	0	0	0	0	0	0	0	0	0	0	0	0	0	0	0	0	0	0	0	0	0	0	0	0	0	0	0	0	0	0	0	0	0	0	0	0	0	0	0	0	0	0	0	0	0	0	0	0	0	0	0	0	0	0	0	0	0	0	0	0	0	0	0	0	0	0	0	0	0	0	0	0	0	0	0	0	0	0	0	0	0	0	0	0	0	0	0	0	0	0	0	0	0	1	0	0	0	0	0	0	0	0	0	0	0	0	0	0	0	0	0	0	0	0	0	0	0	0	0	0	0	0

152
ENCFF174HPZ
chr1	1173880	1173881	0	0	0	0	0	0	0	0	0	0	0	0	0	0	0	0	0	0	0	0	0	0	0	0	0	0	0	0	0	0	0	0	0	0	0	0	0	0	0	0	0	0	0	0	0	0	0	0	0	0	0	0	0	0	0	0	0	0	0	0	0	0	0	0	0	0	0	0	0	0	0	0	0	0	0	0	0	0	0	0	0	0	0	0	0	0	0	0	0	0	0	0	0	0	0	0	0	0	0	0	0	0	0	0	0	0	0	0	0	0	0	0	0	0	0	0	0	0	0	0	0	0	0	0	1	0	0	0	0	0	0	0	0	0	0	0	0	0	0	0	0	0	0	0	0	0	0	0	0	0	0	0	0	0

153
ENCFF179JFB
chr1	1173880	1173881	0	0	0	0	0	0	0	0	0	0	0	0	0	0	0	0	0	0	0	0	0	0	0	0	0	0	0	0	0	0	0	0	0	0	0	0	0	0	0	0	0	0	0	0	0	0	0	0	0	0	0	0	0	0	0	0	0	0	0	0	0	0	0	0	0	0	0	0	0	0	0	0	0	0	0	0	0	0	0	0	0	0	0	0	0	0	0	0	0	0	0	0	0	0	0	0	0	0	0	0	0	0	0	0	0	0	0	0	0	0	0	0	0	0	0	0	0	0	0	0	0	0	0	0	1	0	0	0	0	0	0	0	0	0	0	0	0	0	0	0	0	0	0	0	0	0	0	0	0	0	0	0	0	0	0

154
ENCFF199VHV
chr1	1173880	1173881	0	0	0	0	0	0	0	0	0	0	0	0	0	0	0	0	0	0	0	0	0	0	0	0	0	0	0	0	0	0	0	0	0	0	0	0	0	0	0	0	0	0	0	0	0	0	0	0	0	0	0	0	0	0	0	0	0	0	0	0	0	0	0	0	0	0	0	0	0	0	0	0	0	0	0	0	0	0	0	0	0	0	0	0	0	0	0	0	0	0	0	0	0	0	0	0	0	0	0	0	0	0	0	0	0	0	0	0	0	0	0	0	0	0	0	0	0	0	0	0	0	0	0	0	1	0	0	0	0	0	0	0	0	0	0	0	0	0	0	0	0	0	0	0	0	0	0	0	0	0	0	0	0	0	0	0

155
ENCFF237JBZ
chr1	1173880	1173881	0	0	0	0	0	0	0	0	0	0	0	0	0	0	0	0	0	0	0	0	0	0	0	0	0	0	0	0	0	0	0	0	0	0	0	0	0	0	0	0	0	0	0	0	0	0	0	0	0	0	0	0	0	0	0	0	0	0	0	0	0	0	0	0	0	0	0	0	0	0	0	0	0	0	0	0	0	0	0	0	0	0	0	0	0	0	0	0	0	0	0	0	0	0	0	0	0	0	0	0	0	0	0	0	0	0	0	0	0	0	0	0	0	0	0	0	0	0	0	0	0	0	0	0	1	0	0	0	0	0	0	0	0	0	0	0	0	0	0	0	0	0	0	0	0	0	0	0	0	0	0	0	0	0	0	0	0

156
ENCFF239PZJ
chr1	1173880	1173881	0	0	0	0	0	0	0	0	0	0	0	0	0	0	0	0	0	0	0	0	0	0	0	0	0	0	0	0	0	0	0	0	0	0	0	0	0	0	0	0	0	0	0	0	0	0	0	0	0	0	0	0	0	0	0	0	0	0	0	0	0	0	0	0	0	0	0	0	0	0	0	0	0	0	0	0	0	0	0	0	0	0	0	0	0	0	0	0	0	0	0	0	0	0	0	0	0	0	0	0	0	0	0	0	0	0	0	0	0	0	0	0	0	0	0	0	0	0	0	0	0	0	0	0	1	0	0	0	0	0	0	0	0	0	0	0	0	0	0	0	0	0	0	0	0	0	0	0	0	0	0	0	0	0	0	0	0	0

157
ENCFF251ADS
chr1	1173880	1173881	0	0	0	0	0	0	0	0	0	0	0	0	0	0	0	0	0	0	0	0	0	0	0	0	0	0	0	0	0	0	0	0	0	0	0	0	0	0	0	0	0	0	0	0	0	0	0	0	0	0	0	0	0	0	0	0	0	0	0	0	0	0	0	0	0	0	0	0	0	0	0	0	0	0	0	0	0	0	0	0	0	0	0	0	0	0	0	0	0	0	0	0	0	0	0	0	0	0	0	0	0	0	0	0	0	0	0	0	0	0	0	0	0	0	0	0	0	0	0	0	0	0	0	0	1	0	0	0	0	0	0	0	0	0	0	0	0	0	0	0	0	0	0	0	0	0	0	0	0	0	0	0	0	0	0	0	0	0	0

158
ENCFF257UAY
chr1	1173880	1173881	0	0	0	0	0	0	0	0	0	0	0	0	0	0	0	0	0	0	0	0	0	0	0	0	0	0	0	0	0	0	0	0	0	0	0	0	0	0	0	0	0	0	0	0	0	0	0	0	0	0	0	0	0	0	0	0	0	0	0	0	0	0	0	0	0	0	0	0	0	0	0	0	0	0	0	0	0	0	0	0	0	0	0	0	0	0	0	0	0	0	0	0	0	0	0	0	0	0	0	0	0	0	0	0	0	0	0	0	0	0	0	0	0	0	0	0	0	0	0	0	0	0	0	0	1	0	0	0	0	0	0	0	0	0	0	0	0	0	0	0	0	0	0	0	0	0	0	0	0	0	0	0	0	0	0	0	0	0	0	0

159
ENCFF258HEB
chr1	1173880	1173881	0	0	0	0	0	0	0	0	0	0	0	0	0	0	0	0	0	0	0	0	0	0	0	0	0	0	0	0	0	0	0	0	0	0	0	0	0	0	0	0	0	0	0	0	0	0	0	0	0	0	0	0	0	0	0	0	0	0	0	0	0	0	0	0	0	0	0	0	0	0	0	0	0	0	0	0	0	0	0	0	0	0	0	0	0	0	0	0	0	0	0	0	0	0	0	0	0	0	0	0	0	0	0	0	0	0	0	0	0	0	0	0	0	0	0	0	0	0	0	0	0	0	0	0	1	0	0	0	0	0	0	0	0	0	0	0	0	0	0	0	0	0	0	0	0	0	0	0	0	0	0	0	0	0	0	0	0	0	0	0	0

160
ENCFF291YRH
chr1	1173880	1173881	0	0	0	0	0	0	0	0	0	0	0	0	0	0	0	0	0	0	0	0	0	0	0	0	0	0	0	0	0	0	0	0	0	0	0	0	0	0	0	0	0	0	0	0	0	0	0	0	0	0	0	0	0	0	0	0	0	0	0	0	0	0	0	0	0	0	0	0	0	0	0	0	0	0	0	0	0	0	0	0	0	0	0	0	0	0	0	0	0	0	0	0	0	0	0	0	0	0	0	0	0	0	0	0	0	0	0	0	0	0	0	0	0	0	0	0	0	0	0	0	0	0	0	0	1	0	0	0	0	0	0	0	0	0	0	0	0	0	0	0	0	0	0	0	0	0	0	0	0	0	0	0	0	0	0	0	0	0	0	0	0	0

161
ENCFF303AKJ
chr1	1173880	1173881	0	0	0	0	0	0	0	0	0	0	0	0	0	0	0	0	0	0	0	0	0	0	0	0	0	0	0	0	0	0	0	0	0	0	0	0	0	0	0	0	0	0	0	0	0	0	0	0	0	0	0	0	0	0	0	0	0	0	0	0	0	0	0	0	0	0	0	0	0	0	0	0	0	0	0	0	0	0	0	0	0	0	0	0	0	0	0	0	0	0	0	0	0	0	0	0	0	0	0	0	0	0	0	0	0	0	0	0	0	0	0	0	0	0	0	0	0	0	0	0	0	0	0	0	1	0	0	0	0	0	0	0	0	0	0	0	0	0	0	0	0	0	0	0	0	0	0	0	0	0	0	0	0	0	0	0	0	0	0	0	0	0	0

162
ENCFF315UYG
chr1	1173880	1173881	0	0	0	0	0	0	0	0	0	0	0	0	0	0	0	0	0	0	0	0	0	0	0	0	0	0	0	0	0	0	0	0	0	0	0	0	0	0	0	0	0	0	0	0	0	0	0	0	0	0	0	0	0	0	0	0	0	0	0	0	0	0	0	0	0	0	0	0	0	0	0	0	0	0	0	0	0	0	0	0	0	0	0	0	0	0	0	0	0	0	0	0	0	0	0	0	0	0	0	0	0	0	0	0	0	0	0	0	0	0	0	0	0	0	0	0	0	0	0	0	0	0	0	0	1	0	0	0	0	0	0	0	0	0	0	0	0	0	0	0	0	0	0	0	0	0	0	0	0	0	0	0	0	0	0	0	0	0	0	0	0	0	0	0

163
ENCFF372VNL
chr1	1173880	1173881	0	0	0	0	0	0	0	0	0	0	0	0	0	0	0	0	0	0	0	0	0	0	0	0	0	0	0	0	0	0	0	0	0	0	0	0	0	0	0	0	0	0	0	0	0	0	0	0	0	0	0	0	0	0	0	0	0	0	0	0	0	0	0	0	0	0	0	0	0	0	0	0	0	0	0	0	0	0	0	0	0	0	0	0	0	0	0	0	0	0	0	0	0	0	0	0	0	0	0	0	0	0	0	0	0	0	0	0	0	0	0	0	0	0	0	0	0	0	0	0	0	0	0	0	1	0	0	0	0	0	0	0	0	0	0	0	0	0	0	0	0	0	0	0	0	0	0	0	0	0	0	0	0	0	0	0	0	0	0	0	0	0	0	0	0

164
ENCFF525ZRG
chr1	1173880	1173881	0	0	0	0	0	0	0	0	0	0	0	0	0	0	0	0	0	0	0	0	0	0	0	0	0	0	0	0	0	0	0	0	0	0	0	0	0	0	0	0	0	0	0	0	0	0	0	0	0	0	0	0	0	0	0	0	0	0	0	0	0	0	0	0	0	0	0	0	0	0	0	0	0	0	0	0	0	0	0	0	0	0	0	0	0	0	0	0	0	0	0	0	0	0	0	0	0	0	0	0	0	0	0	0	0	0	0	0	0	0	0	0	0	0	0	0	0	0	0	0	0	0	0	0	1	0	0	0	0	0	0	0	0	0	0	0	0	0	0	0	0	0	0	0	0	0	0	0	0	0	0	0	0	0	0	0	0	0	0	0	0	0	0	0	0	0

165
ENCFF529QEX
chr1	1173880	1173881	0	0	0	0	0	0	0	0	0	0	0	0	0	0	0	0	0	0	0	0	0	0	0	0	0	0	0	0	0	0	0	0	0	0	0	0	0	0	0	0	0	0	0	0	0	0	0	0	0	0	0	0	0	0	0	0	0	0	0	0	0	0	0	0	0	0	0	0	0	0	0	0	0	0	0	0	0	0	0	0	0	0	0	0	0	0	0	0	0	0	0	0	0	0	0	0	0	0	0	0	0	0	0	0	0	0	0	0	0	0	0	0	0	0	0	0	0	0	0	0	0	0	0	0	1	0	0	0	0	0	0	0	0	0	0	0	0	0	0	0	0	0	0	0	0	0	0	0	0	0	0	0	0	0	0	0	0	0	0	0	0	0	0	0	0	0	0

166
ENCFF556YGF
chr1	1173880	1173881	0	0	0	0	0	0	0	0	0	0	0	0	0	0	0	0	0	0	0	0	0	0	0	0	0	0	0	0	0	0	0	0	0	0	0	0	0	0	0	0	0	0	0	0	0	0	0	0	0	0	0	0	0	0	0	0	0	0	0	0	0	0	0	0	0	0	0	0	0	0	0	0	0	0	0	0	0	0	0	0	0	0	0	0	0	0	0	0	0	0	0	0	0	0	0	0	0	0	0	0	0	0	0	0	0	0	0	0	0	0	0	0	0	0	0	0	0	0	0	0	0	0	0	0	1	0	0	0	0	0	0	0	0	0	0	0	0	0	0	0	0	0	0	0	0	0	0	0	0	0	0	0	0	0	0	0	0	0	0	0	0	0	0	0	0	0	0	0

167
ENCFF560EBG
chr1	1173880	1173881	0	0	0	0	0	0	0	0	0	0	0	0	0	0	0	0	0	0	0	0	0	0	0	0	0	0	0	0	0	0	0	0	0	0	0	0	0	0	0	0	0	0	0	0	0	0	0	0	0	0	0	0	0	0	0	0	0	0	0	0	0	0	0	0	0	0	0	0	0	0	0	0	0	0	0	0	0	0	0	0	0	0	0	0	0	0	0	0	0	0	0	0	0	0	0	0	0	0	0	0	0	0	0	0	0	0	0	0	0	0	0	0	0	0	0	0	0	0	0	0	0	0	0	0	1	0	0	0	0	0	0	0	0	0	0	0	0	0	0	0	0	0	0	0	0	0	0	0	0	0	0	0	0	0	0	0	0	0	0	0	0	0	0	0	0	0	0	0	0

168
ENCFF567VUC
chr1	1173880	1173881	0	0	0	0	0	0	0	0	0	0	0	0	0	0	0	0	0	0	0	0	0	0	0	0	0	0	0	0	0	0	0	0	0	0	0	0	0	0	0	0	0	0	0	0	0	0	0	0	0	0	0	0	0	0	0	0	0	0	0	0	0	0	0	0	0	0	0	0	0	0	0	0	0	0	0	0	0	0	0	0	0	0	0	0	0	0	0	0	0	0	0	0	0	0	0	0	0	0	0	0	0	0	0	0	0	0	0	0	0	0	0	0	0	0	0	0	0	0	0	0	0	0	0	0	1	0	0	0	0	0	0	0	0	0	0	0	0	0	0	0	0	0	0	0	0	0	0	0	0	0	0	0	0	0	0	0	0	0	0	0	0	0	0	0	0	0	0	0	0	0

169
ENCFF643QLU
chr1	1173880	1173881	0	0	0	0	0	0	0	0	0	0	0	0	0	0	0	0	0	0	0	0	0	0	0	0	0	0	0	0	0	0	0	0	0	0	0	0	0	0	0	0	0	0	0	0	0	0	0	0	0	0	0	0	0	0	0	0	0	0	0	0	0	0	0	0	0	0	0	0	0	0	0	0	0	0	0	0	0	0	0	0	0	0	0	0	0	0	0	0	0	0	0	0	0	0	0	0	0	0	0	0	0	0	0	0	0	0	0	0	0	0	0	0	0	0	0	0	0	0	0	0	0	0	0	0	1	0	0	0	0	0	0	0	0	0	0	0	0	0	0	0	0	0	0	0	0	0	0	0	0	0	0	0	0	0	0	0	0	0	0	0	0	0	0	0	0	0	0	0	0	0	0

170
ENCFF718BTP
chr1	1173880	1173881	0	0	0	0	0	0	0	0	0	0	0	0	0	0	0	0	0	0	0	0	0	0	0	0	0	0	0	0	0	0	0	0	0	0	0	0	0	0	0	0	0	0	0	0	0	0	0	0	0	0	0	0	0	0	0	0	0	0	0	0	0	0	0	0	0	0	0	0	0	0	0	0	0	0	0	0	0	0	0	0	0	0	0	0	0	0	0	0	0	0	0	0	0	0	0	0	0	0	0	0	0	0	0	0	0	0	0	0	0	0	0	0	0	0	0	0	0	0	0	0	0	0	0	0	1	0	0	0	0	0	0	0	0	0	0	0	0	0	0	0	0	0	0	0	0	0	0	0	0	0	0	0	0	0	0	0	0	0	0	0	0	0	0	0	0	0	0	0	0	0	0	0

171
ENCFF720GJU
chr1	1173880	1173881	0	0	0	0	0	0	0	0	0	0	0	0	0	0	0	0	0	0	0	0	0	0	0	0	0	0	0	0	0	0	0	0	0	0	0	0	0	0	0	0	0	0	0	0	0	0	0	0	0	0	0	0	0	0	0	0	0	0	0	0	0	0	0	0	0	0	0	0	0	0	0	0	0	0	0	0	0	0	0	0	0	0	0	0	0	0	0	0	0	0	0	0	0	0	0	0	0	0	0	0	0	0	0	0	0	0	0	0	0	0	0	0	0	0	0	0	0	0	0	0	0	0	0	0	1	0	0	0	0	0	0	0	0	0	0	0	0	0	0	0	0	0	0	0	0	0	0	0	0	0	0	0	0	0	0	0	0	0	0	0	0	0	0	0	0	0	0	0	0	0	0	0	0

172
ENCFF731JBR
chr1	1173880	1173881	0	0	0	0	0	0	0	0	0	0	0	0	0	0	0	0	0	0	0	0	0	0	0	0	0	0	0	0	0	0	0	0	0	0	0	0	0	0	0	0	0	0	0	0	0	0	0	0	0	0	0	0	0	0	0	0	0	0	0	0	0	0	0	0	0	0	0	0	0	0	0	0	0	0	0	0	0	0	0	0	0	0	0	0	0	0	0	0	0	0	0	0	0	0	0	0	0	0	0	0	0	0	0	0	0	0	0	0	0	0	0	0	0	0	0	0	0	0	0	0	0	0	0	0	1	0	0	0	0	0	0	0	0	0	0	0	0	0	0	0	0	0	0	0	0	0	0	0	0	0	0	0	0	0	0	0	0	0	0	0	0	0	0	0	0	0	0	0	0	0	0	0	0	0

173
ENCFF783MYY
chr1	1173880	1173881	0	0	0	0	0	0	0	0	0	0	0	0	0	0	0	0	0	0	0	0	0	0	0	0	0	0	0	0	0	0	0	0	0	0	0	0	0	0	0	0	0	0	0	0	0	0	0	0	0	0	0	0	0	0	0	0	0	0	0	0	0	0	0	0	0	0	0	0	0	0	0	0	0	0	0	0	0	0	0	0	0	0	0	0	0	0	0	0	0	0	0	0	0	0	0	0	0	0	0	0	0	0	0	0	0	0	0	0	0	0	0	0	0	0	0	0	0	0	0	0	0	0	0	0	1	0	0	0	0	0	0	0	0	0	0	0	0	0	0	0	0	0	0	0	0	0	0	0	0	0	0	0	0	0	0	0	0	0	0	0	0	0	0	0	0	0	0	0	0	0	0	0	0	0	0

174
ENCFF792EIF
chr1	1173880	1173881	0	0	0	0	0	0	0	0	0	0	0	0	0	0	0	0	0	0	0	0	0	0	0	0	0	0	0	0	0	0	0	0	0	0	0	0	0	0	0	0	0	0	0	0	0	0	0	0	0	0	0	0	0	0	0	0	0	0	0	0	0	0	0	0	0	0	0	0	0	0	0	0	0	0	0	0	0	0	0	0	0	0	0	0	0	0	0	0	0	0	0	0	0	0	0	0	0	0	0	0	0	0	0	0	0	0	0	0	0	0	0	0	0	0	0	0	0	0	0	0	0	0	0	0	1	0	0	0	0	0	0	0	0	0	0	0	0	0	0	0	0	0	0	0	0	0	0	0	0	0	0	0	0	0	0	0	0	0	0	0	0	0	0	0	0	0	0	0	0	0	0	0	0	0	0	0

175
ENCFF811VNG
chr1	1173880	1173881	0	0	0	0	0	0	0	0	0	0	0	0	0	0	0	0	0	0	0	0	0	0	0	0	0	0	0	0	0	0	0	0	0	0	0	0	0	0	0	0	0	0	0	0	0	0	0	0	0	0	0	0	0	0	0	0	0	0	0	0	0	0	0	0	0	0	0	0	0	0	0	0	0	0	0	0	0	0	0	0	0	0	0	0	0	0	0	0	0	0	0	0	0	0	0	0	0	0	0	0	0	0	0	0	0	0	0	0	0	0	0	0	0	0	0	0	0	0	0	0	0	0	0	0	1	0	0	0	0	0	0	0	0	0	0	0	0	0	0	0	0	0	0	0	0	0	0	0	0	0	0	0	0	0	0	0	0	0	0	0	0	0	0	0	0	0	0	0	0	0	0	0	0	0	0	0	0

176
ENCFF820DKN
chr1	1173880	1173881	0	0	0	0	0	0	0	0	0	0	0	0	0	0	0	0	0	0	0	0	0	0	0	0	0	0	0	0	0	0	0	0	0	0	0	0	0	0	0	0	0	0	0	0	0	0	0	0	0	0	0	0	0	0	0	0	0	0	0	0	0	0	0	0	0	0	0	0	0	0	0	0	0	0	0	0	0	0	0	0	0	0	0	0	0	0	0	0	0	0	0	0	0	0	0	0	0	0	0	0	0	0	0	0	0	0	0	0	0	0	0	0	0	0	0	0	0	0	0	0	0	0	0	0	1	0	0	0	0	0	0	0	0	0	0	0	0	0	0	0	0	0	0	0	0	0	0	0	0	0	0	0	0	0	0	0	0	0	0	0	0	0	0	0	0	0	0	0	0	0	0	0	0	0	0	0	0	0

177
ENCFF830CEC
chr1	1173880	1173881	0	0	0	0	0	0	0	0	0	0	0	0	0	0	0	0	0	0	0	0	0	0	0	0	0	0	0	0	0	0	0	0	0	0	0	0	0	0	0	0	0	0	0	0	0	0	0	0	0	0	0	0	0	0	0	0	0	0	0	0	0	0	0	0	0	0	0	0	0	0	0	0	0	0	0	0	0	0	0	0	0	0	0	0	0	0	0	0	0	0	0	0	0	0	0	0	0	0	0	0	0	0	0	0	0	0	0	0	0	0	0	0	0	0	0	0	0	0	0	0	0	0	0	0	1	0	0	0	0	0	0	0	0	0	0	0	0	0	0	0	0	0	0	0	0	0	0	0	0	0	0	0	0	0	0	0	0	0	0	0	0	0	0	0	0	0	0	0	0	0	0	0	0	0	0	0	0	0	0

178
ENCFF890NRK
chr1	1173880	1173881	0	0	0	0	0	0	0	0	0	0	0	0	0	0	0	0	0	0	0	0	0	0	0	0	0	0	0	0	0	0	0	0	0	0	0	0	0	0	0	0	0	0	0	0	0	0	0	0	0	0	0	0	0	0	0	0	0	0	0	0	0	0	0	0	0	0	0	0	0	0	0	0	0	0	0	0	0	0	0	0	0	0	0	0	0	0	0	0	0	0	0	0	0	0	0	0	0	0	0	0	0	0	0	0	0	0	0	0	0	0	0	0	0	0	0	0	0	0	0	0	0	0	0	0	1	0	0	0	0	0	0	0	0	0	0	0	0	0	0	0	0	0	0	0	0	0	0	0	0	0	0	0	0	0	0	0	0	0	0	0	0	0	0	0	0	0	0	0	0	0	0	0	0	0	0	0	0	0	0	0

179
ENCFF898WYV
chr1	1173880	1173881	0	0	0	0	0	0	0	0	0	0	0	0	0	0	0	0	0	0	0	0	0	0	0	0	0	0	0	0	0	0	0	0	0	0	0	0	0	0	0	0	0	0	0	0	0	0	0	0	0	0	0	0	0	0	0	0	0	0	0	0	0	0	0	0	0	0	0	0	0	0	0	0	0	0	0	0	0	0	0	0	0	0	0	0	0	0	0	0	0	0	0	0	0	0	0	0	0	0	0	0	0	0	0	0	0	0	0	0	0	0	0	0	0	0	0	0	0	0	0	0	0	0	0	0	1	0	0	0	0	0	0	0	0	0	0	0	0	0	0	0	0	0	0	0	0	0	0	0	0	0	0	0	0	0	0	0	0	0	0	0	0	0	0	0	0	0	0	0	0	0	0	0	0	0	0	0	0	0	0	0	0

180
ENCFF901EKY
chr1	1173880	1173881	0	0	0	0	0	0	0	0	0	0	0	0	0	0	0	0	0	0	0	0	0	0	0	0	0	0	0	0	0	0	0	0	0	0	0	0	0	0	0	0	0	0	0	0	0	0	0	0	0	0	0	0	0	0	0	0	0	0	0	0	0	0	0	0	0	0	0	0	0	0	0	0	0	0	0	0	0	0	0	0	0	0	0	0	0	0	0	0	0	0	0	0	0	0	0	0	0	0	0	0	0	0	0	0	0	0	0	0	0	0	0	0	0	0	0	0	0	0	0	0	0	0	0	0	1	0	0	0	0	0	0	0	0	0	0	0	0	0	0	0	0	0	0	0	0	0	0	0	0	0	0	0	0	0	0	0	0	0	0	0	0	0	0	0	0	0	0	0	0	0	0	0	0	0	0	0	0	0	0	0	0	0

181
ENCFF953FJE
chr1	1173880	1173881	0	0	0	0	0	0	0	0	0	0	0	0	0	0	0	0	0	0	0	0	0	0	0	0	0	0	0	0	0	0	0	0	0	0	0	0	0	0	0	0	0	0	0	0	0	0	0	0	0	0	0	0	0	0	0	0	0	0	0	0	0	0	0	0	0	0	0	0	0	0	0	0	0	0	0	0	0	0	0	0	0	0	0	0	0	0	0	0	0	0	0	0	0	0	0	0	0	0	0	0	0	0	0	0	0	0	0	0	0	0	0	0	0	0	0	0	0	0	0	0	0	0	0	0	1	0	0	0	0	0	0	0	0	0	0	0	0	0	0	0	0	0	0	0	0	0	0	0	0	0	0	0	0	0	0	0	0	0	0	0	0	0	0	0	0	0	0	0	0	0	0	0	0	0	0	0	0	0	0	0	0	0	0

182
ENCFF968YWL
chr1	1173880	1173881	0	0	0	0	0	0	0	0	0	0	0	0	0	0	0	0	0	0	0	0	0	0	0	0	0	0	0	0	0	0	0	0	0	0	0	0	0	0	0	0	0	0	0	0	0	0	0	0	0	0	0	0	0	0	0	0	0	0	0	0	0	0	0	0	0	0	0	0	0	0	0	0	0	0	0	0	0	0	0	0	0	0	0	0	0	0	0	0	0	0	0	0	0	0	0	0	0	0	0	0	0	0	0	0	0	0	0	0	0	0	0	0	0	0	0	0	0	0	0	0	0	0	0	0	1	0	0	0	0	0	0	0	0	0	0	0	0	0	0	0	0	0	0	0	0	0	0	0	0	0	0	0	0	0	0	0	0	0	0	0	0	0	0	0	0	0	0	0	0	0	0	0	0	0	0	0	0	0	0	0	0	0	0	0

183
ENCFF984UBD
chr1	1173880	1173881	0	0	0	0	0	0	0	0	0	0	0	0	0	0	0	0	0	0	0	0	0	0	0	0	0	0	0	0	0	0	0	0	0	0	0	0	0	0	0	0	0	0	0	0	0	0	0	0	0	0	0	0	0	0	0	0	0	0	0	0	0	0	0	0	0	0	0	0	0	0	0	0	0	0	0	0	0	0	0	0	0	0	0	0	0	0	0	0	0	0	0	0	0	0	0	0	0	0	0	0	0	0	0	0	0	0	0	0	0	0	0	0	0	0	0	0	0	0	0	0	0	0	0	0	1	0	0	0	0	0	0	0	0	0	0	0	0	0	0	0	0	0	0	0	0	0	0	0	0	0	0	0	0	0	0	0	0	0	0	0	0	0	0	0	0	0	0	0	0	0	0	0	0	0	0	0	0	0	0	0	0	0	0	0	0

184
ENCFF988KSK
chr1	1173880	1173881	0	0	0	0	0	0	0	0	0	0	0	0	0	0	0	0	0	0	0	0	0	0	0	0	0	0	0	0	0	0	0	0	0	0	0	0	0	0	0	0	0	0	0	0	0	0	0	0	0	0	0	0	0	0	0	0	0	0	0	0	0	0	0	0	0	0	0	0	0	0	0	0	0	0	0	0	0	0	0	0	0	0	0	0	0	0	0	0	0	0	0	0	0	0	0	0	0	0	0	0	0	0	0	0	0	0	0	0	0	0	0	0	0	0	0	0	0	0	0	0	0	0	0	0	1	0	0	0	0	0	0	0	0	0	0	0	0	0	0	0	0	0	0	0	0	0	0	0	0	0	0	0	0	0	0	0	0	0	0	0	0	0	0	0	0	0	0	0	0	0	0	0	0	0	0	0	0	0	0	0	0	0	0	0	0	0

185
ENCFF991MKU
chr1	1173880	1173881	0	0	0	0	0	0	0	0	0	0	0	0	0	0	0	0	0	0	0	0	0	0	0	0	0	0	0	0	0	0	0	0	0	0	0	0	0	0	0	0	0	0	0	0	0	0	0	0	0	0	0	0	0	0	0	0	0	0	0	0	0	0	0	0	0	0	0	0	0	0	0	0	0	0	0	0	0	0	0	0	0	0	0	0	0	0	0	0	0	0	0	0	0	0	0	0	0	0	0	0	0	0	0	0	0	0	0	0	0	0	0	0	0	0	0	0	0	0	0	0	0	0	0	0	1	0	0	0	0	0	0	0	0	0	0	0	0	0	0	0	0	0	0	0	0	0	0	0	0	0	0	0	0	0	0	0	0	0	0	0	0	0	0	0	0	0	0	0	0	0	0	0	0	0	0	0	0	0	0	0	0	0	0	0	0	0	0

186
CM_Merged_DI_TADs
chr1	1173880	1173881	0	0	0	0	0	0	0	0	0	0	0	0	0	0	0	0	0	0	0	0	0	0	0	0	0	0	0	0	0	0	0	0	0	0	0	0	0	0	0	0	0	0	0	0	0	0	0	0	0	0	0	0	0	0	0	0	0	0	0	0	0	0	0	0	0	0	0	0	0	0	0	0	0	0	0	0	0	0	0	0	0	0	0	0	0	0	0	0	0	0	0	0	0	0	0	0	0	0	0	0	0	0	0	0	0	0	0	0	0	0	0	0	0	0	0	0	0	0	0	0	0	0	0	0	1	0	0	0	0	0	0	0	0	0	0	0	0	0	0	0	0	0	0	0	0	0	0	0	0	0	0	0	0	0	0	0	0	0	0	0	0	0	0	0	0	0	0	0	0	0	0	0	0	0	0	0	0	0	0	0	0	0	0	0	0	0	0	1

187
CP_Merged_DI_TADs
chr1	1173880	1173881	0	0	0	0	0	0	0	0	0	0	0	0	0	0	0	0	0	0	0	0	0	0	0	0	0	0	0	0	0	0	0	0	0	0	0	0	0	0	0	0	0	0	0	0	0	0	0	0	0	0	0	0	0	0	0	0	0	0	0	0	0	0	0	0	0	0	0	0	0	0	0	0	0	0	0	0	0	0	0	0	0	0	0	0	0	0	0	0	0	0	0	0	0	0	0	0	0	0	0	0	0	0	0	0	0	0	0	0	0	0	0	0	0	0	0	0	0	0	0	0	0	0	0	0	1	0	0	0	0	0	0	0	0	0	0	0	0	0	0	0	0	0	0	0	0	0	0	0	0	0	0	0	0	0	0	0	0	0	0	0	0	0	0	0	0	0	0	0	0	0	0	0	0	0	0	0	0	0	0	0	0	0	0	0	0	0	0	1	1

188
PCHiC_interaction_points_sorte_uniq_grch38
chr1	1173880	1173881	0	0	0	0	0	0	0	0	0	0	0	0	0	0	0	0	0	0	0	0	0	0	0	0	0	0	0	0	0	0	0	0	0	0	0	0	0	0	0	0	0	0	0	0	0	0	0	0	0	0	0	0	0	0	0	0	0	0	0	0	0	0	0	0	0	0	0	0	0	0	0	0	0	0	0	0	0	0	0	0	0	0	0	0	0	0	0	0	0	0	0	0	0	0	0	0	0	0	0	0	0	0	0	0	0	0	0	0	0	0	0	0	0	0	0	0	0	0	0	0	0	0	0	0	1	0	0	0	0	0	0	0	0	0	0	0	0	0	0	0	0	0	0	0	0	0	0	0	0	0	0	0	0	0	0	0	0	0	0	0	0	0	0	0	0	0	0	0	0	0	0	0	0	0	0	0	0	0	0	0	0	0	0	0	0	0	0	1	1	1

189
unlifted_enhancers
chr1	1173880	1173881	0	0	0	0	0	0	0	0	0	0	0	0	0	0	0	0	0	0	0	0	0	0	0	0	0	0	0	0	0	0	0	0	0	0	0	0	0	0	0	0	0	0	0	0	0	0	0	0	0	0	0	0	0	0	0	0	0	0	0	0	0	0	0	0	0	0	0	0	0	0	0	0	0	0	0	0	0	0	0	0	0	0	0	0	0	0	0	0	0	0	0	0	0	0	0	0	0	0	0	0	0	0	0	0	0	0	0	0	0	0	0	0	0	0	0	0	0	0	0	0	0	0	0	0	1	0	0	0	0	0	0	0	0	0	0	0	0	0	0	0	0	0	0	0	0	0	0	0	0	0	0	0	0	0	0	0	0	0	0	0	0	0	0	0	0	0	0	0	0	0	0	0	0	0	0	0	0	0	0	0	0	0	0	0	0	0	0	1	1	1	0

190
heart_left_ventricle_tissue_female_adult_53_years.promoterschr1	1173880	1197936	0
0One missing file: BED files/Human/heart_left_ventricle_tissue_male_adult_34_years.promoters.bed
One missing file: BED files/Human/heart_left_ventricle_tissue_male_child_3_years.promoters.bed
heart_right_ventricle_tissue_female_adult_46_years.promoterschr1	1173880	1197936	0	0
1One missing file: BED files/Human/heart_right_ventricle_tissue_male_adult_34_years.promoters.bed
heart_right_ventricle_tissue_male_adult_40_years.promoterschr1	1173880	1197936	0	0	0
2One missing file: BED files/Human/heart_right_ventricle_tissue_male_child_3_years.promoters.bed
heart_left_ventricle_tissue_female_adult_46_years.enhancerschr1	1173880	1197936	0	0	0	0
3One missing file: BED files/Human/heart_left_ventricle_tissue_female_adult_51_years.enhancers.bed
One missing file: BED files/Human/heart_left_ventricle_tissue_male_adult_34_years.enhancers.bed
heart_left_ventricle_tissue_male_adult_40_years.enhancerschr1	1173880	1197936	0	0	0	0	0
4One missing file: BED files/Human/heart_left_ventricle_tissue_male_child_3_years.enhancers.bed
heart_right_ventricle_tissue_female_adult_46_years.enhancerschr1	1173880	1197936	0	0	0	0	0	0
5One missing file: BED files/Human/heart_right_ventricle_tissue_male_adult_34_years.enhancers.bed
heart_right_ventricle_tissue_male_adult_40_years.enhancerschr1	1173880	1197936	0	0	0	0	0	0	1
6One missing file: BED files/Human/heart_right_ventricle_tissue_male_child_3_years.enhancers.bed
cardiac fibroblast female embryo 94 days and female embryo 98 dayschr1	1173880	1197936	0	0	0	0	0	0	1	0
7heart left ventricle tissue female embryo 101 days and female embryo 103 dayschr1	1173880	1197936	0	0	0	0	0	0	1	0	0
8heart left ventricle tissue female embryo 136 dayschr1	1173880	1197936	0	0	0	0	0	0	1	0	0	0
9heart right ventricle tissue female embryo 101 days and female embryo 103 dayschr1	1173880	1197936	0	0	0	0	0	0	1	0	0	0	0
10heart tissue embryo 101 dayschr1	1173880	1197936	0	0	0	0	0	0	1	0	0	0	0	0
11heart tissue embryo 59 days and female embryo 76 dayschr1	1173880	1197936	0	0	0	0	0	0	1	0	0	0	0	0	0
12heart tissue embryo 80 dayschr1	1173880	1197936	0	0	0	0	0	0	1	0	0	0	0	0	0	0
13heart tissue embryo 96 dayschr1	1173880	1197936	0	0	0	0	0	0	1	0	0	0	0	0	0	0	0
14heart tissue female embryo 103 dayschr1	1173880	1197936	0	0	0	0	0	0	1	0	0	0	0	0	0	0	0	0
15heart tissue female embryo 105 dayschr1	1173880	1197936	0	0	0	0	0	0	1	0	0	0	0	0	0	0	0	0	0
16heart tissue female embryo 110 dayschr1	1173880	1197936	0	0	0	0	0	0	1	0	0	0	0	0	0	0	0	0	0	0
17heart tissue female embryo 116 days and female embryo 98 dayschr1	1173880	1197936	0	0	0	0	0	0	1	0	0	0	0	0	0	0	0	0	0	0	0
18heart tissue female embryo 117 dayschr1	1173880	1197936	0	0	0	0	0	0	1	0	0	0	0	0	0	0	0	0	0	0	0	0
19heart tissue female embryo 147 dayschr1	1173880	1197936	0	0	0	0	0	0	1	0	0	0	0	0	0	0	0	0	0	0	0	0	0
20heart tissue female embryo 91 dayschr1	1173880	1197936	0	0	0	0	0	0	1	0	0	0	0	0	0	0	0	0	0	0	0	0	0	0
21heart tissue male embryo 105 dayschr1	1173880	1197936	0	0	0	0	0	0	1	0	0	0	0	0	0	0	0	0	0	0	0	0	0	0	0
22heart tissue male embryo 110 dayschr1	1173880	1197936	0	0	0	0	0	0	1	0	0	0	0	0	0	0	0	0	0	0	0	0	0	0	0	0
23heart tissue male embryo 120 dayschr1	1173880	1197936	0	0	0	0	0	0	1	0	0	0	0	0	0	0	0	0	0	0	0	0	0	0	0	0	0
24heart tissue male embryo 72 days and male embryo 76 dayschr1	1173880	1197936	0	0	0	0	0	0	1	0	0	0	0	0	0	0	0	0	0	0	0	0	0	0	0	0	0	0
25heart tissue male embryo 91 dayschr1	1173880	1197936	0	0	0	0	0	0	1	0	0	0	0	0	0	0	0	0	0	0	0	0	0	0	0	0	0	0	0
26heart tissue male embryo 96 dayschr1	1173880	1197936	0	0	0	0	0	0	1	0	0	0	0	0	0	0	0	0	0	0	0	0	0	0	0	0	0	0	0	0
27left cardiac atrium tissue female embryo 101 dayschr1	1173880	1197936	0	0	0	0	0	0	1	0	0	0	0	0	0	0	0	0	0	0	0	0	0	0	0	0	0	0	0	0	0
28heart_left_ventricle_tissue_female_adult_46_years.CTCF-bound cCREschr1	1173880	1197936	0	0	0	0	0	0	1	0	0	0	0	0	0	0	0	0	0	0	0	0	0	0	0	0	0	0	0	0	0	0
29heart_left_ventricle_tissue_female_adult_51_years.CTCF-bound cCREschr1	1173880	1197936	0	0	0	0	0	0	1	0	0	0	0	0	0	0	0	0	0	0	0	0	0	0	0	0	0	0	0	0	0	0	0
30heart_left_ventricle_tissue_female_adult_53_years.CTCF-bound cCREschr1	1173880	1197936	0	0	0	0	0	0	1	0	0	0	0	0	0	0	0	0	0	0	0	0	0	0	0	0	0	0	0	0	0	0	0	0
31heart_left_ventricle_tissue_female_adult_59_years.CTCF-bound cCREschr1	1173880	1197936	0	0	0	0	0	0	1	0	0	0	0	0	0	0	0	0	0	0	0	0	0	0	0	0	0	0	0	0	0	0	0	0	0
32heart_left_ventricle_tissue_male_adult_40_years.CTCF-bound cCREschr1	1173880	1197936	0	0	0	0	0	0	1	0	0	0	0	0	0	0	0	0	0	0	0	0	0	0	0	0	0	0	0	0	0	0	0	0	0	0
33C57BL-6_heart_tissue_embryo_10.5_days clean.promoterschr1	1173880	1197936	0	0	0	0	0	0	1	0	0	0	0	0	0	0	0	0	0	0	0	0	0	0	0	0	0	0	0	0	0	0	0	0	0	0	0
34C57BL-6_heart_tissue_male_adult_8_weeks clean.promoterschr1	1173880	1197936	0	0	0	0	0	0	1	0	0	0	0	0	0	0	0	0	0	0	0	0	0	0	0	0	0	0	0	0	0	0	0	0	0	0	0	0
35C57BL-6_heart_tissue_postnatal_0_days clean.promoterschr1	1173880	1197936	0	0	0	0	0	0	1	0	0	0	0	0	0	0	0	0	0	0	0	0	0	0	0	0	0	0	0	0	0	0	0	0	0	0	0	0	0
36C57BL-6_heart_tissue_embryo_10.5_days clean.enhancerschr1	1173880	1197936	0	0	0	0	0	0	1	0	0	0	0	0	0	0	0	0	0	0	0	0	0	0	0	0	0	0	0	0	0	0	0	0	0	0	0	0	0	0
37C57BL-6_heart_tissue_male_adult_8_weeks clean.enhancerschr1	1173880	1197936	0	0	0	0	0	0	1	0	0	0	0	0	0	0	0	0	0	0	0	0	0	0	0	0	0	0	0	0	0	0	0	0	0	0	0	0	0	0	0
38C57BL-6_heart_tissue_postnatal_0_days clean.enhancerschr1	1173880	1197936	0	0	0	0	0	0	1	0	0	0	0	0	0	0	0	0	0	0	0	0	0	0	0	0	0	0	0	0	0	0	0	0	0	0	0	0	0	0	0	0
39C57BL-6_heart_tissue_male_adult_8_weeks clean.CTCF-bound cCREschr1	1173880	1197936	0	0	0	0	0	0	1	0	0	0	0	0	0	0	0	0	0	0	0	0	0	0	0	0	0	0	0	0	0	0	0	0	0	0	0	0	0	0	0	0	0
40C57BL-6_heart_tissue_postnatal_0_days clean.CTCF-bound cCREschr1	1173880	1197936	0	0	0	0	0	0	1	0	0	0	0	0	0	0	0	0	0	0	0	0	0	0	0	0	0	0	0	0	0	0	0	0	0	0	0	0	0	0	0	0	0	0
41ASCL1_pwmscan_hg38_29347_22951
chr1	1173880	1197936	0	0	0	0	0	0	1	0	0	0	0	0	0	0	0	0	0	0	0	0	0	0	0	0	0	0	0	0	0	0	0	0	0	0	0	0	0	0	0	0	0	0	10

42
CREB1_pwmscan_hg38_7806_15552
chr1	1173880	1197936	0	0	0	0	0	0	1	0	0	0	0	0	0	0	0	0	0	0	0	0	0	0	0	0	0	0	0	0	0	0	0	0	0	0	0	0	0	0	0	0	0	0	10	0

43
EOMES_pwmscan_hg38_45327_5339
chr1	1173880	1197936	0	0	0	0	0	0	1	0	0	0	0	0	0	0	0	0	0	0	0	0	0	0	0	0	0	0	0	0	0	0	0	0	0	0	0	0	0	0	0	0	0	0	10	0	1

44
FOXC1_pwmscan_hg38_14051_14776
chr1	1173880	1197936	0	0	0	0	0	0	1	0	0	0	0	0	0	0	0	0	0	0	0	0	0	0	0	0	0	0	0	0	0	0	0	0	0	0	0	0	0	0	0	0	0	0	10	0	1	0

45
FOXC2_pwmscan_hg38_30036_45203
chr1	1173880	1197936	0	0	0	0	0	0	1	0	0	0	0	0	0	0	0	0	0	0	0	0	0	0	0	0	0	0	0	0	0	0	0	0	0	0	0	0	0	0	0	0	0	0	10	0	1	0	1

46
FOXF1_pwmscan_hg38_28598_34204
chr1	1173880	1197936	0	0	0	0	0	0	1	0	0	0	0	0	0	0	0	0	0	0	0	0	0	0	0	0	0	0	0	0	0	0	0	0	0	0	0	0	0	0	0	0	0	0	10	0	1	0	1	2

47
FOXH1_pwmscan_hg38_43315_3114
chr1	1173880	1197936	0	0	0	0	0	0	1	0	0	0	0	0	0	0	0	0	0	0	0	0	0	0	0	0	0	0	0	0	0	0	0	0	0	0	0	0	0	0	0	0	0	0	10	0	1	0	1	2	0

48
FOXL1_pwmscan_hg38_43316_13581
chr1	1173880	1197936	0	0	0	0	0	0	1	0	0	0	0	0	0	0	0	0	0	0	0	0	0	0	0	0	0	0	0	0	0	0	0	0	0	0	0	0	0	0	0	0	0	0	10	0	1	0	1	2	0	1

49
GATA3_pwmscan_hg38_11738_12391
chr1	1173880	1197936	0	0	0	0	0	0	1	0	0	0	0	0	0	0	0	0	0	0	0	0	0	0	0	0	0	0	0	0	0	0	0	0	0	0	0	0	0	0	0	0	0	0	10	0	1	0	1	2	0	1	0

50
GATA4_pwmscan_hg38_28596_35342
chr1	1173880	1197936	0	0	0	0	0	0	1	0	0	0	0	0	0	0	0	0	0	0	0	0	0	0	0	0	0	0	0	0	0	0	0	0	0	0	0	0	0	0	0	0	0	0	10	0	1	0	1	2	0	1	0	0

51
GATA5_pwmscan_hg38_9066_18689
chr1	1173880	1197936	0	0	0	0	0	0	1	0	0	0	0	0	0	0	0	0	0	0	0	0	0	0	0	0	0	0	0	0	0	0	0	0	0	0	0	0	0	0	0	0	0	0	10	0	1	0	1	2	0	1	0	0	0

52
GATA6_pwmscan_hg38_20055_21663
chr1	1173880	1197936	0	0	0	0	0	0	1	0	0	0	0	0	0	0	0	0	0	0	0	0	0	0	0	0	0	0	0	0	0	0	0	0	0	0	0	0	0	0	0	0	0	0	10	0	1	0	1	2	0	1	0	0	0	0

53
GLI1_pwmscan_hg38_33818_38538
chr1	1173880	1197936	0	0	0	0	0	0	1	0	0	0	0	0	0	0	0	0	0	0	0	0	0	0	0	0	0	0	0	0	0	0	0	0	0	0	0	0	0	0	0	0	0	0	10	0	1	0	1	2	0	1	0	0	0	0	7

54
GLI2_pwmscan_hg38_7492_29088
chr1	1173880	1197936	0	0	0	0	0	0	1	0	0	0	0	0	0	0	0	0	0	0	0	0	0	0	0	0	0	0	0	0	0	0	0	0	0	0	0	0	0	0	0	0	0	0	10	0	1	0	1	2	0	1	0	0	0	0	7	0

55
GLI3_pwmscan_hg38_35563_38491
chr1	1173880	1197936	0	0	0	0	0	0	1	0	0	0	0	0	0	0	0	0	0	0	0	0	0	0	0	0	0	0	0	0	0	0	0	0	0	0	0	0	0	0	0	0	0	0	10	0	1	0	1	2	0	1	0	0	0	0	7	0	2

56
GRHL2_pwmscan_hg38_29347_19788
chr1	1173880	1197936	0	0	0	0	0	0	1	0	0	0	0	0	0	0	0	0	0	0	0	0	0	0	0	0	0	0	0	0	0	0	0	0	0	0	0	0	0	0	0	0	0	0	10	0	1	0	1	2	0	1	0	0	0	0	7	0	2	0

57
HAND1_pwmscan_hg38_38445_41025
chr1	1173880	1197936	0	0	0	0	0	0	1	0	0	0	0	0	0	0	0	0	0	0	0	0	0	0	0	0	0	0	0	0	0	0	0	0	0	0	0	0	0	0	0	0	0	0	10	0	1	0	1	2	0	1	0	0	0	0	7	0	2	0	1

58
HES1_pwmscan_hg38_35815_41265
chr1	1173880	1197936	0	0	0	0	0	0	1	0	0	0	0	0	0	0	0	0	0	0	0	0	0	0	0	0	0	0	0	0	0	0	0	0	0	0	0	0	0	0	0	0	0	0	10	0	1	0	1	2	0	1	0	0	0	0	7	0	2	0	1	3

59
HEY1_pwmscan_hg38_28887_46496
chr1	1173880	1197936	0	0	0	0	0	0	1	0	0	0	0	0	0	0	0	0	0	0	0	0	0	0	0	0	0	0	0	0	0	0	0	0	0	0	0	0	0	0	0	0	0	0	10	0	1	0	1	2	0	1	0	0	0	0	7	0	2	0	1	3	2

60
HEY2_pwmscan_hg38_43317_44258
chr1	1173880	1197936	0	0	0	0	0	0	1	0	0	0	0	0	0	0	0	0	0	0	0	0	0	0	0	0	0	0	0	0	0	0	0	0	0	0	0	0	0	0	0	0	0	0	10	0	1	0	1	2	0	1	0	0	0	0	7	0	2	0	1	3	2	2

61
HIF1A_pwmscan_hg38_15529_13200
chr1	1173880	1197936	0	0	0	0	0	0	1	0	0	0	0	0	0	0	0	0	0	0	0	0	0	0	0	0	0	0	0	0	0	0	0	0	0	0	0	0	0	0	0	0	0	0	10	0	1	0	1	2	0	1	0	0	0	0	7	0	2	0	1	3	2	2	1

62
ISL1_pwmscan_hg38_35815_41742
chr1	1173880	1197936	0	0	0	0	0	0	1	0	0	0	0	0	0	0	0	0	0	0	0	0	0	0	0	0	0	0	0	0	0	0	0	0	0	0	0	0	0	0	0	0	0	0	10	0	1	0	1	2	0	1	0	0	0	0	7	0	2	0	1	3	2	2	1	0

63
JUN_pwmscan_hg38_38048_1878
chr1	1173880	1197936	0	0	0	0	0	0	1	0	0	0	0	0	0	0	0	0	0	0	0	0	0	0	0	0	0	0	0	0	0	0	0	0	0	0	0	0	0	0	0	0	0	0	10	0	1	0	1	2	0	1	0	0	0	0	7	0	2	0	1	3	2	2	1	0	1

64
LBX1_pwmscan_hg38_27664_45938
chr1	1173880	1197936	0	0	0	0	0	0	1	0	0	0	0	0	0	0	0	0	0	0	0	0	0	0	0	0	0	0	0	0	0	0	0	0	0	0	0	0	0	0	0	0	0	0	10	0	1	0	1	2	0	1	0	0	0	0	7	0	2	0	1	3	2	2	1	0	1	0

65
MEF2A_pwmscan_hg38_7806_11341
chr1	1173880	1197936	0	0	0	0	0	0	1	0	0	0	0	0	0	0	0	0	0	0	0	0	0	0	0	0	0	0	0	0	0	0	0	0	0	0	0	0	0	0	0	0	0	0	10	0	1	0	1	2	0	1	0	0	0	0	7	0	2	0	1	3	2	2	1	0	1	0	0

66
MEF2C_pwmscan_hg38_43317_529
chr1	1173880	1197936	0	0	0	0	0	0	1	0	0	0	0	0	0	0	0	0	0	0	0	0	0	0	0	0	0	0	0	0	0	0	0	0	0	0	0	0	0	0	0	0	0	0	10	0	1	0	1	2	0	1	0	0	0	0	7	0	2	0	1	3	2	2	1	0	1	0	0	1

67
MEF2D_pwmscan_hg38_11121_17332
chr1	1173880	1197936	0	0	0	0	0	0	1	0	0	0	0	0	0	0	0	0	0	0	0	0	0	0	0	0	0	0	0	0	0	0	0	0	0	0	0	0	0	0	0	0	0	0	10	0	1	0	1	2	0	1	0	0	0	0	7	0	2	0	1	3	2	2	1	0	1	0	0	1	0

68
MEIS1_pwmscan_hg38_27664_48032
chr1	1173880	1197936	0	0	0	0	0	0	1	0	0	0	0	0	0	0	0	0	0	0	0	0	0	0	0	0	0	0	0	0	0	0	0	0	0	0	0	0	0	0	0	0	0	0	10	0	1	0	1	2	0	1	0	0	0	0	7	0	2	0	1	3	2	2	1	0	1	0	0	1	0	4

69
MESP1_pwmscan_hg38_38445_42157
chr1	1173880	1197936	0	0	0	0	0	0	1	0	0	0	0	0	0	0	0	0	0	0	0	0	0	0	0	0	0	0	0	0	0	0	0	0	0	0	0	0	0	0	0	0	0	0	10	0	1	0	1	2	0	1	0	0	0	0	7	0	2	0	1	3	2	2	1	0	1	0	0	1	0	4	5

70
MIXL1_pwmscan_hg38_27664_42167
chr1	1173880	1197936	0	0	0	0	0	0	1	0	0	0	0	0	0	0	0	0	0	0	0	0	0	0	0	0	0	0	0	0	0	0	0	0	0	0	0	0	0	0	0	0	0	0	10	0	1	0	1	2	0	1	0	0	0	0	7	0	2	0	1	3	2	2	1	0	1	0	0	1	0	4	5	0

71
MSX1_pwmscan_hg38_37655_41051
chr1	1173880	1197936	0	0	0	0	0	0	1	0	0	0	0	0	0	0	0	0	0	0	0	0	0	0	0	0	0	0	0	0	0	0	0	0	0	0	0	0	0	0	0	0	0	0	10	0	1	0	1	2	0	1	0	0	0	0	7	0	2	0	1	3	2	2	1	0	1	0	0	1	0	4	5	0	1

72
NFAC4_pwmscan_hg38_33560_42902
chr1	1173880	1197936	0	0	0	0	0	0	1	0	0	0	0	0	0	0	0	0	0	0	0	0	0	0	0	0	0	0	0	0	0	0	0	0	0	0	0	0	0	0	0	0	0	0	10	0	1	0	1	2	0	1	0	0	0	0	7	0	2	0	1	3	2	2	1	0	1	0	0	1	0	4	5	0	1	1

73
NFATC1_pwmscan_hg38_31217_44715
chr1	1173880	1197936	0	0	0	0	0	0	1	0	0	0	0	0	0	0	0	0	0	0	0	0	0	0	0	0	0	0	0	0	0	0	0	0	0	0	0	0	0	0	0	0	0	0	10	0	1	0	1	2	0	1	0	0	0	0	7	0	2	0	1	3	2	2	1	0	1	0	0	1	0	4	5	0	1	1	0

74
NKX25_pwmscan_hg38_39533_43866
chr1	1173880	1197936	0	0	0	0	0	0	1	0	0	0	0	0	0	0	0	0	0	0	0	0	0	0	0	0	0	0	0	0	0	0	0	0	0	0	0	0	0	0	0	0	0	0	10	0	1	0	1	2	0	1	0	0	0	0	7	0	2	0	1	3	2	2	1	0	1	0	0	1	0	4	5	0	1	1	0	10

75
NKX3_1_pwmscan_hg38_43163_4491
chr1	1173880	1197936	0	0	0	0	0	0	1	0	0	0	0	0	0	0	0	0	0	0	0	0	0	0	0	0	0	0	0	0	0	0	0	0	0	0	0	0	0	0	0	0	0	0	10	0	1	0	1	2	0	1	0	0	0	0	7	0	2	0	1	3	2	2	1	0	1	0	0	1	0	4	5	0	1	1	0	10	0

76
NOTO_pwmscan_hg38_28887_33633
chr1	1173880	1197936	0	0	0	0	0	0	1	0	0	0	0	0	0	0	0	0	0	0	0	0	0	0	0	0	0	0	0	0	0	0	0	0	0	0	0	0	0	0	0	0	0	0	10	0	1	0	1	2	0	1	0	0	0	0	7	0	2	0	1	3	2	2	1	0	1	0	0	1	0	4	5	0	1	1	0	10	0	0

77
OVOL2_pwmscan_hg38_39701_44177
chr1	1173880	1197936	0	0	0	0	0	0	1	0	0	0	0	0	0	0	0	0	0	0	0	0	0	0	0	0	0	0	0	0	0	0	0	0	0	0	0	0	0	0	0	0	0	0	10	0	1	0	1	2	0	1	0	0	0	0	7	0	2	0	1	3	2	2	1	0	1	0	0	1	0	4	5	0	1	1	0	10	0	0	0

78
PAX8_pwmscan_hg38_44374_46322
chr1	1173880	1197936	0	0	0	0	0	0	1	0	0	0	0	0	0	0	0	0	0	0	0	0	0	0	0	0	0	0	0	0	0	0	0	0	0	0	0	0	0	0	0	0	0	0	10	0	1	0	1	2	0	1	0	0	0	0	7	0	2	0	1	3	2	2	1	0	1	0	0	1	0	4	5	0	1	1	0	10	0	0	0	2

79
PITX2_pwmscan_hg38_41734_46461
chr1	1173880	1197936	0	0	0	0	0	0	1	0	0	0	0	0	0	0	0	0	0	0	0	0	0	0	0	0	0	0	0	0	0	0	0	0	0	0	0	0	0	0	0	0	0	0	10	0	1	0	1	2	0	1	0	0	0	0	7	0	2	0	1	3	2	2	1	0	1	0	0	1	0	4	5	0	1	1	0	10	0	0	0	2	13

80
POU4F1_pwmscan_hg38_11435_12160
chr1	1173880	1197936	0	0	0	0	0	0	1	0	0	0	0	0	0	0	0	0	0	0	0	0	0	0	0	0	0	0	0	0	0	0	0	0	0	0	0	0	0	0	0	0	0	0	10	0	1	0	1	2	0	1	0	0	0	0	7	0	2	0	1	3	2	2	1	0	1	0	0	1	0	4	5	0	1	1	0	10	0	0	0	2	13	0

81
POU4F1_pwmscan_hg38_47659_38526
chr1	1173880	1197936	0	0	0	0	0	0	1	0	0	0	0	0	0	0	0	0	0	0	0	0	0	0	0	0	0	0	0	0	0	0	0	0	0	0	0	0	0	0	0	0	0	0	10	0	1	0	1	2	0	1	0	0	0	0	7	0	2	0	1	3	2	2	1	0	1	0	0	1	0	4	5	0	1	1	0	10	0	0	0	2	13	0	0

82
PPARD_pwmscan_hg38_35563_48082
chr1	1173880	1197936	0	0	0	0	0	0	1	0	0	0	0	0	0	0	0	0	0	0	0	0	0	0	0	0	0	0	0	0	0	0	0	0	0	0	0	0	0	0	0	0	0	0	10	0	1	0	1	2	0	1	0	0	0	0	7	0	2	0	1	3	2	2	1	0	1	0	0	1	0	4	5	0	1	1	0	10	0	0	0	2	13	0	0	0

83
PPARG_pwmscan_hg38_27664_10529
chr1	1173880	1197936	0	0	0	0	0	0	1	0	0	0	0	0	0	0	0	0	0	0	0	0	0	0	0	0	0	0	0	0	0	0	0	0	0	0	0	0	0	0	0	0	0	0	10	0	1	0	1	2	0	1	0	0	0	0	7	0	2	0	1	3	2	2	1	0	1	0	0	1	0	4	5	0	1	1	0	10	0	0	0	2	13	0	0	0	0

84
PRD14_pwmscan_hg38_48118_48439
chr1	1173880	1197936	0	0	0	0	0	0	1	0	0	0	0	0	0	0	0	0	0	0	0	0	0	0	0	0	0	0	0	0	0	0	0	0	0	0	0	0	0	0	0	0	0	0	10	0	1	0	1	2	0	1	0	0	0	0	7	0	2	0	1	3	2	2	1	0	1	0	0	1	0	4	5	0	1	1	0	10	0	0	0	2	13	0	0	0	0	1

85
PRDM1_pwmscan_hg38_38048_46851
chr1	1173880	1197936	0	0	0	0	0	0	1	0	0	0	0	0	0	0	0	0	0	0	0	0	0	0	0	0	0	0	0	0	0	0	0	0	0	0	0	0	0	0	0	0	0	0	10	0	1	0	1	2	0	1	0	0	0	0	7	0	2	0	1	3	2	2	1	0	1	0	0	1	0	4	5	0	1	1	0	10	0	0	0	2	13	0	0	0	0	1	0

86
PROX1_pwmscan_hg38_33324_13670
chr1	1173880	1197936	0	0	0	0	0	0	1	0	0	0	0	0	0	0	0	0	0	0	0	0	0	0	0	0	0	0	0	0	0	0	0	0	0	0	0	0	0	0	0	0	0	0	10	0	1	0	1	2	0	1	0	0	0	0	7	0	2	0	1	3	2	2	1	0	1	0	0	1	0	4	5	0	1	1	0	10	0	0	0	2	13	0	0	0	0	1	0	0

87
RARA_pwmscan_hg38_47659_33241
chr1	1173880	1197936	0	0	0	0	0	0	1	0	0	0	0	0	0	0	0	0	0	0	0	0	0	0	0	0	0	0	0	0	0	0	0	0	0	0	0	0	0	0	0	0	0	0	10	0	1	0	1	2	0	1	0	0	0	0	7	0	2	0	1	3	2	2	1	0	1	0	0	1	0	4	5	0	1	1	0	10	0	0	0	2	13	0	0	0	0	1	0	0	0

88
RARB_pwmscan_hg38_48313_3308
chr1	1173880	1197936	0	0	0	0	0	0	1	0	0	0	0	0	0	0	0	0	0	0	0	0	0	0	0	0	0	0	0	0	0	0	0	0	0	0	0	0	0	0	0	0	0	0	10	0	1	0	1	2	0	1	0	0	0	0	7	0	2	0	1	3	2	2	1	0	1	0	0	1	0	4	5	0	1	1	0	10	0	0	0	2	13	0	0	0	0	1	0	0	0	15

89
RBPJ_pwmscan_hg38_10402_12301
chr1	1173880	1197936	0	0	0	0	0	0	1	0	0	0	0	0	0	0	0	0	0	0	0	0	0	0	0	0	0	0	0	0	0	0	0	0	0	0	0	0	0	0	0	0	0	0	10	0	1	0	1	2	0	1	0	0	0	0	7	0	2	0	1	3	2	2	1	0	1	0	0	1	0	4	5	0	1	1	0	10	0	0	0	2	13	0	0	0	0	1	0	0	0	15	1

90
REST_pwmscan_hg38_11121_3574
chr1	1173880	1197936	0	0	0	0	0	0	1	0	0	0	0	0	0	0	0	0	0	0	0	0	0	0	0	0	0	0	0	0	0	0	0	0	0	0	0	0	0	0	0	0	0	0	10	0	1	0	1	2	0	1	0	0	0	0	7	0	2	0	1	3	2	2	1	0	1	0	0	1	0	4	5	0	1	1	0	10	0	0	0	2	13	0	0	0	0	1	0	0	0	15	1	2

91
SHOX2_pwmscan_hg38_44375_4511
chr1	1173880	1197936	0	0	0	0	0	0	1	0	0	0	0	0	0	0	0	0	0	0	0	0	0	0	0	0	0	0	0	0	0	0	0	0	0	0	0	0	0	0	0	0	0	0	10	0	1	0	1	2	0	1	0	0	0	0	7	0	2	0	1	3	2	2	1	0	1	0	0	1	0	4	5	0	1	1	0	10	0	0	0	2	13	0	0	0	0	1	0	0	0	15	1	2	0

92
SIX1_pwmscan_hg38_42746_19293
chr1	1173880	1197936	0	0	0	0	0	0	1	0	0	0	0	0	0	0	0	0	0	0	0	0	0	0	0	0	0	0	0	0	0	0	0	0	0	0	0	0	0	0	0	0	0	0	10	0	1	0	1	2	0	1	0	0	0	0	7	0	2	0	1	3	2	2	1	0	1	0	0	1	0	4	5	0	1	1	0	10	0	0	0	2	13	0	0	0	0	1	0	0	0	15	1	2	0	0

93
SMAD1_pwmscan_hg38_44445_5787
chr1	1173880	1197936	0	0	0	0	0	0	1	0	0	0	0	0	0	0	0	0	0	0	0	0	0	0	0	0	0	0	0	0	0	0	0	0	0	0	0	0	0	0	0	0	0	0	10	0	1	0	1	2	0	1	0	0	0	0	7	0	2	0	1	3	2	2	1	0	1	0	0	1	0	4	5	0	1	1	0	10	0	0	0	2	13	0	0	0	0	1	0	0	0	15	1	2	0	0	4

94
SMAD3_pwmscan_hg38_47659_6575
chr1	1173880	1197936	0	0	0	0	0	0	1	0	0	0	0	0	0	0	0	0	0	0	0	0	0	0	0	0	0	0	0	0	0	0	0	0	0	0	0	0	0	0	0	0	0	0	10	0	1	0	1	2	0	1	0	0	0	0	7	0	2	0	1	3	2	2	1	0	1	0	0	1	0	4	5	0	1	1	0	10	0	0	0	2	13	0	0	0	0	1	0	0	0	15	1	2	0	0	4	0

95
SMAD4_pwmscan_hg38_44288_6824
chr1	1173880	1197936	0	0	0	0	0	0	1	0	0	0	0	0	0	0	0	0	0	0	0	0	0	0	0	0	0	0	0	0	0	0	0	0	0	0	0	0	0	0	0	0	0	0	10	0	1	0	1	2	0	1	0	0	0	0	7	0	2	0	1	3	2	2	1	0	1	0	0	1	0	4	5	0	1	1	0	10	0	0	0	2	13	0	0	0	0	1	0	0	0	15	1	2	0	0	4	0	2

96
SNAI1_pwmscan_hg38_46684_9294
chr1	1173880	1197936	0	0	0	0	0	0	1	0	0	0	0	0	0	0	0	0	0	0	0	0	0	0	0	0	0	0	0	0	0	0	0	0	0	0	0	0	0	0	0	0	0	0	10	0	1	0	1	2	0	1	0	0	0	0	7	0	2	0	1	3	2	2	1	0	1	0	0	1	0	4	5	0	1	1	0	10	0	0	0	2	13	0	0	0	0	1	0	0	0	15	1	2	0	0	4	0	2	4

97
SNAI2_pwmscan_hg38_27665_28556
chr1	1173880	1197936	0	0	0	0	0	0	1	0	0	0	0	0	0	0	0	0	0	0	0	0	0	0	0	0	0	0	0	0	0	0	0	0	0	0	0	0	0	0	0	0	0	0	10	0	1	0	1	2	0	1	0	0	0	0	7	0	2	0	1	3	2	2	1	0	1	0	0	1	0	4	5	0	1	1	0	10	0	0	0	2	13	0	0	0	0	1	0	0	0	15	1	2	0	0	4	0	2	4	2

98
SOX11_pwmscan_hg38_43996_10436
chr1	1173880	1197936	0	0	0	0	0	0	1	0	0	0	0	0	0	0	0	0	0	0	0	0	0	0	0	0	0	0	0	0	0	0	0	0	0	0	0	0	0	0	0	0	0	0	10	0	1	0	1	2	0	1	0	0	0	0	7	0	2	0	1	3	2	2	1	0	1	0	0	1	0	4	5	0	1	1	0	10	0	0	0	2	13	0	0	0	0	1	0	0	0	15	1	2	0	0	4	0	2	4	2	0

99
SOX17_pwmscan_hg38_9606_11798
chr1	1173880	1197936	0	0	0	0	0	0	1	0	0	0	0	0	0	0	0	0	0	0	0	0	0	0	0	0	0	0	0	0	0	0	0	0	0	0	0	0	0	0	0	0	0	0	10	0	1	0	1	2	0	1	0	0	0	0	7	0	2	0	1	3	2	2	1	0	1	0	0	1	0	4	5	0	1	1	0	10	0	0	0	2	13	0	0	0	0	1	0	0	0	15	1	2	0	0	4	0	2	4	2	0	0

100
SOX18_pwmscan_hg38_9606_12295
chr1	1173880	1197936	0	0	0	0	0	0	1	0	0	0	0	0	0	0	0	0	0	0	0	0	0	0	0	0	0	0	0	0	0	0	0	0	0	0	0	0	0	0	0	0	0	0	10	0	1	0	1	2	0	1	0	0	0	0	7	0	2	0	1	3	2	2	1	0	1	0	0	1	0	4	5	0	1	1	0	10	0	0	0	2	13	0	0	0	0	1	0	0	0	15	1	2	0	0	4	0	2	4	2	0	0	1

101
SOX4_pwmscan_hg38_20348_27236
chr1	1173880	1197936	0	0	0	0	0	0	1	0	0	0	0	0	0	0	0	0	0	0	0	0	0	0	0	0	0	0	0	0	0	0	0	0	0	0	0	0	0	0	0	0	0	0	10	0	1	0	1	2	0	1	0	0	0	0	7	0	2	0	1	3	2	2	1	0	1	0	0	1	0	4	5	0	1	1	0	10	0	0	0	2	13	0	0	0	0	1	0	0	0	15	1	2	0	0	4	0	2	4	2	0	0	1	1

102
SOX9_pwmscan_hg38_11121_9563
chr1	1173880	1197936	0	0	0	0	0	0	1	0	0	0	0	0	0	0	0	0	0	0	0	0	0	0	0	0	0	0	0	0	0	0	0	0	0	0	0	0	0	0	0	0	0	0	10	0	1	0	1	2	0	1	0	0	0	0	7	0	2	0	1	3	2	2	1	0	1	0	0	1	0	4	5	0	1	1	0	10	0	0	0	2	13	0	0	0	0	1	0	0	0	15	1	2	0	0	4	0	2	4	2	0	0	1	1	0

103
SRF_pwmscan_hg38_27664_8726
chr1	1173880	1197936	0	0	0	0	0	0	1	0	0	0	0	0	0	0	0	0	0	0	0	0	0	0	0	0	0	0	0	0	0	0	0	0	0	0	0	0	0	0	0	0	0	0	10	0	1	0	1	2	0	1	0	0	0	0	7	0	2	0	1	3	2	2	1	0	1	0	0	1	0	4	5	0	1	1	0	10	0	0	0	2	13	0	0	0	0	1	0	0	0	15	1	2	0	0	4	0	2	4	2	0	0	1	1	0	1

104
TBX1_pwmscan_hg38_38292_542
chr1	1173880	1197936	0	0	0	0	0	0	1	0	0	0	0	0	0	0	0	0	0	0	0	0	0	0	0	0	0	0	0	0	0	0	0	0	0	0	0	0	0	0	0	0	0	0	10	0	1	0	1	2	0	1	0	0	0	0	7	0	2	0	1	3	2	2	1	0	1	0	0	1	0	4	5	0	1	1	0	10	0	0	0	2	13	0	0	0	0	1	0	0	0	15	1	2	0	0	4	0	2	4	2	0	0	1	1	0	1	8

105
TBX20_pwmscan_hg38_30239_36307
chr1	1173880	1197936	0	0	0	0	0	0	1	0	0	0	0	0	0	0	0	0	0	0	0	0	0	0	0	0	0	0	0	0	0	0	0	0	0	0	0	0	0	0	0	0	0	0	10	0	1	0	1	2	0	1	0	0	0	0	7	0	2	0	1	3	2	2	1	0	1	0	0	1	0	4	5	0	1	1	0	10	0	0	0	2	13	0	0	0	0	1	0	0	0	15	1	2	0	0	4	0	2	4	2	0	0	1	1	0	1	8	1

106
TBX2_pwmscan_hg38_30239_37929
chr1	1173880	1197936	0	0	0	0	0	0	1	0	0	0	0	0	0	0	0	0	0	0	0	0	0	0	0	0	0	0	0	0	0	0	0	0	0	0	0	0	0	0	0	0	0	0	10	0	1	0	1	2	0	1	0	0	0	0	7	0	2	0	1	3	2	2	1	0	1	0	0	1	0	4	5	0	1	1	0	10	0	0	0	2	13	0	0	0	0	1	0	0	0	15	1	2	0	0	4	0	2	4	2	0	0	1	1	0	1	8	1	1

107
TBX3_pwmscan_hg38_48118_14186
chr1	1173880	1197936	0	0	0	0	0	0	1	0	0	0	0	0	0	0	0	0	0	0	0	0	0	0	0	0	0	0	0	0	0	0	0	0	0	0	0	0	0	0	0	0	0	0	10	0	1	0	1	2	0	1	0	0	0	0	7	0	2	0	1	3	2	2	1	0	1	0	0	1	0	4	5	0	1	1	0	10	0	0	0	2	13	0	0	0	0	1	0	0	0	15	1	2	0	0	4	0	2	4	2	0	0	1	1	0	1	8	1	1	5

108
TBX5_pwmscan_hg38_47636_48695
chr1	1173880	1197936	0	0	0	0	0	0	1	0	0	0	0	0	0	0	0	0	0	0	0	0	0	0	0	0	0	0	0	0	0	0	0	0	0	0	0	0	0	0	0	0	0	0	10	0	1	0	1	2	0	1	0	0	0	0	7	0	2	0	1	3	2	2	1	0	1	0	0	1	0	4	5	0	1	1	0	10	0	0	0	2	13	0	0	0	0	1	0	0	0	15	1	2	0	0	4	0	2	4	2	0	0	1	1	0	1	8	1	1	5	8

109
TEAD2_pwmscan_hg38_6370_18229
chr1	1173880	1197936	0	0	0	0	0	0	1	0	0	0	0	0	0	0	0	0	0	0	0	0	0	0	0	0	0	0	0	0	0	0	0	0	0	0	0	0	0	0	0	0	0	0	10	0	1	0	1	2	0	1	0	0	0	0	7	0	2	0	1	3	2	2	1	0	1	0	0	1	0	4	5	0	1	1	0	10	0	0	0	2	13	0	0	0	0	1	0	0	0	15	1	2	0	0	4	0	2	4	2	0	0	1	1	0	1	8	1	1	5	8	0

110
TP53_pwmscan_hg38_20055_27716
chr1	1173880	1197936	0	0	0	0	0	0	1	0	0	0	0	0	0	0	0	0	0	0	0	0	0	0	0	0	0	0	0	0	0	0	0	0	0	0	0	0	0	0	0	0	0	0	10	0	1	0	1	2	0	1	0	0	0	0	7	0	2	0	1	3	2	2	1	0	1	0	0	1	0	4	5	0	1	1	0	10	0	0	0	2	13	0	0	0	0	1	0	0	0	15	1	2	0	0	4	0	2	4	2	0	0	1	1	0	1	8	1	1	5	8	0	1

111
TP53_pwmscan_hg38_4482_5454
chr1	1173880	1197936	0	0	0	0	0	0	1	0	0	0	0	0	0	0	0	0	0	0	0	0	0	0	0	0	0	0	0	0	0	0	0	0	0	0	0	0	0	0	0	0	0	0	10	0	1	0	1	2	0	1	0	0	0	0	7	0	2	0	1	3	2	2	1	0	1	0	0	1	0	4	5	0	1	1	0	10	0	0	0	2	13	0	0	0	0	1	0	0	0	15	1	2	0	0	4	0	2	4	2	0	0	1	1	0	1	8	1	1	5	8	0	1	1

112
TWIST1_pwmscan_hg38_38398_47795
chr1	1173880	1197936	0	0	0	0	0	0	1	0	0	0	0	0	0	0	0	0	0	0	0	0	0	0	0	0	0	0	0	0	0	0	0	0	0	0	0	0	0	0	0	0	0	0	10	0	1	0	1	2	0	1	0	0	0	0	7	0	2	0	1	3	2	2	1	0	1	0	0	1	0	4	5	0	1	1	0	10	0	0	0	2	13	0	0	0	0	1	0	0	0	15	1	2	0	0	4	0	2	4	2	0	0	1	1	0	1	8	1	1	5	8	0	1	1	1

113
WT1_pwmscan_hg38_43996_14775
chr1	1173880	1197936	0	0	0	0	0	0	1	0	0	0	0	0	0	0	0	0	0	0	0	0	0	0	0	0	0	0	0	0	0	0	0	0	0	0	0	0	0	0	0	0	0	0	10	0	1	0	1	2	0	1	0	0	0	0	7	0	2	0	1	3	2	2	1	0	1	0	0	1	0	4	5	0	1	1	0	10	0	0	0	2	13	0	0	0	0	1	0	0	0	15	1	2	0	0	4	0	2	4	2	0	0	1	1	0	1	8	1	1	5	8	0	1	1	1	27

114
YY1_pwmscan_hg38_43315_7423
chr1	1173880	1197936	0	0	0	0	0	0	1	0	0	0	0	0	0	0	0	0	0	0	0	0	0	0	0	0	0	0	0	0	0	0	0	0	0	0	0	0	0	0	0	0	0	0	10	0	1	0	1	2	0	1	0	0	0	0	7	0	2	0	1	3	2	2	1	0	1	0	0	1	0	4	5	0	1	1	0	10	0	0	0	2	13	0	0	0	0	1	0	0	0	15	1	2	0	0	4	0	2	4	2	0	0	1	1	0	1	8	1	1	5	8	0	1	1	1	27	0

115
ZBT14_pwmscan_hg38_43996_16382
chr1	1173880	1197936	0	0	0	0	0	0	1	0	0	0	0	0	0	0	0	0	0	0	0	0	0	0	0	0	0	0	0	0	0	0	0	0	0	0	0	0	0	0	0	0	0	0	10	0	1	0	1	2	0	1	0	0	0	0	7	0	2	0	1	3	2	2	1	0	1	0	0	1	0	4	5	0	1	1	0	10	0	0	0	2	13	0	0	0	0	1	0	0	0	15	1	2	0	0	4	0	2	4	2	0	0	1	1	0	1	8	1	1	5	8	0	1	1	1	27	0	1

116
ZIC3_pwmscan_hg38_33324_35656
chr1	1173880	1197936	0	0	0	0	0	0	1	0	0	0	0	0	0	0	0	0	0	0	0	0	0	0	0	0	0	0	0	0	0	0	0	0	0	0	0	0	0	0	0	0	0	0	10	0	1	0	1	2	0	1	0	0	0	0	7	0	2	0	1	3	2	2	1	0	1	0	0	1	0	4	5	0	1	1	0	10	0	0	0	2	13	0	0	0	0	1	0	0	0	15	1	2	0	0	4	0	2	4	2	0	0	1	1	0	1	8	1	1	5	8	0	1	1	1	27	0	1	2

117
vista_hg38
chr1	1173880	1197936	0	0	0	0	0	0	1	0	0	0	0	0	0	0	0	0	0	0	0	0	0	0	0	0	0	0	0	0	0	0	0	0	0	0	0	0	0	0	0	0	0	0	10	0	1	0	1	2	0	1	0	0	0	0	7	0	2	0	1	3	2	2	1	0	1	0	0	1	0	4	5	0	1	1	0	10	0	0	0	2	13	0	0	0	0	1	0	0	0	15	1	2	0	0	4	0	2	4	2	0	0	1	1	0	1	8	1	1	5	8	0	1	1	1	27	0	1	2	0

118
DFF012AGB
chr1	1173880	1197936	0	0	0	0	0	0	1	0	0	0	0	0	0	0	0	0	0	0	0	0	0	0	0	0	0	0	0	0	0	0	0	0	0	0	0	0	0	0	0	0	0	0	10	0	1	0	1	2	0	1	0	0	0	0	7	0	2	0	1	3	2	2	1	0	1	0	0	1	0	4	5	0	1	1	0	10	0	0	0	2	13	0	0	0	0	1	0	0	0	15	1	2	0	0	4	0	2	4	2	0	0	1	1	0	1	8	1	1	5	8	0	1	1	1	27	0	1	2	0	0

119
DFF017NNG
chr1	1173880	1197936	0	0	0	0	0	0	1	0	0	0	0	0	0	0	0	0	0	0	0	0	0	0	0	0	0	0	0	0	0	0	0	0	0	0	0	0	0	0	0	0	0	0	10	0	1	0	1	2	0	1	0	0	0	0	7	0	2	0	1	3	2	2	1	0	1	0	0	1	0	4	5	0	1	1	0	10	0	0	0	2	13	0	0	0	0	1	0	0	0	15	1	2	0	0	4	0	2	4	2	0	0	1	1	0	1	8	1	1	5	8	0	1	1	1	27	0	1	2	0	0	0

120
DFF029APW
chr1	1173880	1197936	0	0	0	0	0	0	1	0	0	0	0	0	0	0	0	0	0	0	0	0	0	0	0	0	0	0	0	0	0	0	0	0	0	0	0	0	0	0	0	0	0	0	10	0	1	0	1	2	0	1	0	0	0	0	7	0	2	0	1	3	2	2	1	0	1	0	0	1	0	4	5	0	1	1	0	10	0	0	0	2	13	0	0	0	0	1	0	0	0	15	1	2	0	0	4	0	2	4	2	0	0	1	1	0	1	8	1	1	5	8	0	1	1	1	27	0	1	2	0	0	0	0

121
DFF090AWG
chr1	1173880	1197936	0	0	0	0	0	0	1	0	0	0	0	0	0	0	0	0	0	0	0	0	0	0	0	0	0	0	0	0	0	0	0	0	0	0	0	0	0	0	0	0	0	0	10	0	1	0	1	2	0	1	0	0	0	0	7	0	2	0	1	3	2	2	1	0	1	0	0	1	0	4	5	0	1	1	0	10	0	0	0	2	13	0	0	0	0	1	0	0	0	15	1	2	0	0	4	0	2	4	2	0	0	1	1	0	1	8	1	1	5	8	0	1	1	1	27	0	1	2	0	0	0	0	0

122
DFF165PSK
chr1	1173880	1197936	0	0	0	0	0	0	1	0	0	0	0	0	0	0	0	0	0	0	0	0	0	0	0	0	0	0	0	0	0	0	0	0	0	0	0	0	0	0	0	0	0	0	10	0	1	0	1	2	0	1	0	0	0	0	7	0	2	0	1	3	2	2	1	0	1	0	0	1	0	4	5	0	1	1	0	10	0	0	0	2	13	0	0	0	0	1	0	0	0	15	1	2	0	0	4	0	2	4	2	0	0	1	1	0	1	8	1	1	5	8	0	1	1	1	27	0	1	2	0	0	0	0	0	0

123
DFF201AVG
chr1	1173880	1197936	0	0	0	0	0	0	1	0	0	0	0	0	0	0	0	0	0	0	0	0	0	0	0	0	0	0	0	0	0	0	0	0	0	0	0	0	0	0	0	0	0	0	10	0	1	0	1	2	0	1	0	0	0	0	7	0	2	0	1	3	2	2	1	0	1	0	0	1	0	4	5	0	1	1	0	10	0	0	0	2	13	0	0	0	0	1	0	0	0	15	1	2	0	0	4	0	2	4	2	0	0	1	1	0	1	8	1	1	5	8	0	1	1	1	27	0	1	2	0	0	0	0	0	0	23

124
DFF208QZK
chr1	1173880	1197936	0	0	0	0	0	0	1	0	0	0	0	0	0	0	0	0	0	0	0	0	0	0	0	0	0	0	0	0	0	0	0	0	0	0	0	0	0	0	0	0	0	0	10	0	1	0	1	2	0	1	0	0	0	0	7	0	2	0	1	3	2	2	1	0	1	0	0	1	0	4	5	0	1	1	0	10	0	0	0	2	13	0	0	0	0	1	0	0	0	15	1	2	0	0	4	0	2	4	2	0	0	1	1	0	1	8	1	1	5	8	0	1	1	1	27	0	1	2	0	0	0	0	0	0	23	0

125
DFF233YXQ
chr1	1173880	1197936	0	0	0	0	0	0	1	0	0	0	0	0	0	0	0	0	0	0	0	0	0	0	0	0	0	0	0	0	0	0	0	0	0	0	0	0	0	0	0	0	0	0	10	0	1	0	1	2	0	1	0	0	0	0	7	0	2	0	1	3	2	2	1	0	1	0	0	1	0	4	5	0	1	1	0	10	0	0	0	2	13	0	0	0	0	1	0	0	0	15	1	2	0	0	4	0	2	4	2	0	0	1	1	0	1	8	1	1	5	8	0	1	1	1	27	0	1	2	0	0	0	0	0	0	23	0	0

126
DFF249RGM
chr1	1173880	1197936	0	0	0	0	0	0	1	0	0	0	0	0	0	0	0	0	0	0	0	0	0	0	0	0	0	0	0	0	0	0	0	0	0	0	0	0	0	0	0	0	0	0	10	0	1	0	1	2	0	1	0	0	0	0	7	0	2	0	1	3	2	2	1	0	1	0	0	1	0	4	5	0	1	1	0	10	0	0	0	2	13	0	0	0	0	1	0	0	0	15	1	2	0	0	4	0	2	4	2	0	0	1	1	0	1	8	1	1	5	8	0	1	1	1	27	0	1	2	0	0	0	0	0	0	23	0	0	0

127
DFF262NPA
chr1	1173880	1197936	0	0	0	0	0	0	1	0	0	0	0	0	0	0	0	0	0	0	0	0	0	0	0	0	0	0	0	0	0	0	0	0	0	0	0	0	0	0	0	0	0	0	10	0	1	0	1	2	0	1	0	0	0	0	7	0	2	0	1	3	2	2	1	0	1	0	0	1	0	4	5	0	1	1	0	10	0	0	0	2	13	0	0	0	0	1	0	0	0	15	1	2	0	0	4	0	2	4	2	0	0	1	1	0	1	8	1	1	5	8	0	1	1	1	27	0	1	2	0	0	0	0	0	0	23	0	0	0	2

128
DFF307JWU
chr1	1173880	1197936	0	0	0	0	0	0	1	0	0	0	0	0	0	0	0	0	0	0	0	0	0	0	0	0	0	0	0	0	0	0	0	0	0	0	0	0	0	0	0	0	0	0	10	0	1	0	1	2	0	1	0	0	0	0	7	0	2	0	1	3	2	2	1	0	1	0	0	1	0	4	5	0	1	1	0	10	0	0	0	2	13	0	0	0	0	1	0	0	0	15	1	2	0	0	4	0	2	4	2	0	0	1	1	0	1	8	1	1	5	8	0	1	1	1	27	0	1	2	0	0	0	0	0	0	23	0	0	0	2	0

129
DFF307LLE
chr1	1173880	1197936	0	0	0	0	0	0	1	0	0	0	0	0	0	0	0	0	0	0	0	0	0	0	0	0	0	0	0	0	0	0	0	0	0	0	0	0	0	0	0	0	0	0	10	0	1	0	1	2	0	1	0	0	0	0	7	0	2	0	1	3	2	2	1	0	1	0	0	1	0	4	5	0	1	1	0	10	0	0	0	2	13	0	0	0	0	1	0	0	0	15	1	2	0	0	4	0	2	4	2	0	0	1	1	0	1	8	1	1	5	8	0	1	1	1	27	0	1	2	0	0	0	0	0	0	23	0	0	0	2	0	0

130
DFF316NIT
chr1	1173880	1197936	0	0	0	0	0	0	1	0	0	0	0	0	0	0	0	0	0	0	0	0	0	0	0	0	0	0	0	0	0	0	0	0	0	0	0	0	0	0	0	0	0	0	10	0	1	0	1	2	0	1	0	0	0	0	7	0	2	0	1	3	2	2	1	0	1	0	0	1	0	4	5	0	1	1	0	10	0	0	0	2	13	0	0	0	0	1	0	0	0	15	1	2	0	0	4	0	2	4	2	0	0	1	1	0	1	8	1	1	5	8	0	1	1	1	27	0	1	2	0	0	0	0	0	0	23	0	0	0	2	0	0	0

131
DFF367ZAV
chr1	1173880	1197936	0	0	0	0	0	0	1	0	0	0	0	0	0	0	0	0	0	0	0	0	0	0	0	0	0	0	0	0	0	0	0	0	0	0	0	0	0	0	0	0	0	0	10	0	1	0	1	2	0	1	0	0	0	0	7	0	2	0	1	3	2	2	1	0	1	0	0	1	0	4	5	0	1	1	0	10	0	0	0	2	13	0	0	0	0	1	0	0	0	15	1	2	0	0	4	0	2	4	2	0	0	1	1	0	1	8	1	1	5	8	0	1	1	1	27	0	1	2	0	0	0	0	0	0	23	0	0	0	2	0	0	0	0

132
DFF371HWB
chr1	1173880	1197936	0	0	0	0	0	0	1	0	0	0	0	0	0	0	0	0	0	0	0	0	0	0	0	0	0	0	0	0	0	0	0	0	0	0	0	0	0	0	0	0	0	0	10	0	1	0	1	2	0	1	0	0	0	0	7	0	2	0	1	3	2	2	1	0	1	0	0	1	0	4	5	0	1	1	0	10	0	0	0	2	13	0	0	0	0	1	0	0	0	15	1	2	0	0	4	0	2	4	2	0	0	1	1	0	1	8	1	1	5	8	0	1	1	1	27	0	1	2	0	0	0	0	0	0	23	0	0	0	2	0	0	0	0	0

133
DFF444FXW
chr1	1173880	1197936	0	0	0	0	0	0	1	0	0	0	0	0	0	0	0	0	0	0	0	0	0	0	0	0	0	0	0	0	0	0	0	0	0	0	0	0	0	0	0	0	0	0	10	0	1	0	1	2	0	1	0	0	0	0	7	0	2	0	1	3	2	2	1	0	1	0	0	1	0	4	5	0	1	1	0	10	0	0	0	2	13	0	0	0	0	1	0	0	0	15	1	2	0	0	4	0	2	4	2	0	0	1	1	0	1	8	1	1	5	8	0	1	1	1	27	0	1	2	0	0	0	0	0	0	23	0	0	0	2	0	0	0	0	0	0

134
DFF491GMJ
chr1	1173880	1197936	0	0	0	0	0	0	1	0	0	0	0	0	0	0	0	0	0	0	0	0	0	0	0	0	0	0	0	0	0	0	0	0	0	0	0	0	0	0	0	0	0	0	10	0	1	0	1	2	0	1	0	0	0	0	7	0	2	0	1	3	2	2	1	0	1	0	0	1	0	4	5	0	1	1	0	10	0	0	0	2	13	0	0	0	0	1	0	0	0	15	1	2	0	0	4	0	2	4	2	0	0	1	1	0	1	8	1	1	5	8	0	1	1	1	27	0	1	2	0	0	0	0	0	0	23	0	0	0	2	0	0	0	0	0	0	2

135
DFF512TCX
chr1	1173880	1197936	0	0	0	0	0	0	1	0	0	0	0	0	0	0	0	0	0	0	0	0	0	0	0	0	0	0	0	0	0	0	0	0	0	0	0	0	0	0	0	0	0	0	10	0	1	0	1	2	0	1	0	0	0	0	7	0	2	0	1	3	2	2	1	0	1	0	0	1	0	4	5	0	1	1	0	10	0	0	0	2	13	0	0	0	0	1	0	0	0	15	1	2	0	0	4	0	2	4	2	0	0	1	1	0	1	8	1	1	5	8	0	1	1	1	27	0	1	2	0	0	0	0	0	0	23	0	0	0	2	0	0	0	0	0	0	2	0

136
DFF528FIC
chr1	1173880	1197936	0	0	0	0	0	0	1	0	0	0	0	0	0	0	0	0	0	0	0	0	0	0	0	0	0	0	0	0	0	0	0	0	0	0	0	0	0	0	0	0	0	0	10	0	1	0	1	2	0	1	0	0	0	0	7	0	2	0	1	3	2	2	1	0	1	0	0	1	0	4	5	0	1	1	0	10	0	0	0	2	13	0	0	0	0	1	0	0	0	15	1	2	0	0	4	0	2	4	2	0	0	1	1	0	1	8	1	1	5	8	0	1	1	1	27	0	1	2	0	0	0	0	0	0	23	0	0	0	2	0	0	0	0	0	0	2	0	0

137
DFF552AGR
chr1	1173880	1197936	0	0	0	0	0	0	1	0	0	0	0	0	0	0	0	0	0	0	0	0	0	0	0	0	0	0	0	0	0	0	0	0	0	0	0	0	0	0	0	0	0	0	10	0	1	0	1	2	0	1	0	0	0	0	7	0	2	0	1	3	2	2	1	0	1	0	0	1	0	4	5	0	1	1	0	10	0	0	0	2	13	0	0	0	0	1	0	0	0	15	1	2	0	0	4	0	2	4	2	0	0	1	1	0	1	8	1	1	5	8	0	1	1	1	27	0	1	2	0	0	0	0	0	0	23	0	0	0	2	0	0	0	0	0	0	2	0	0	0

138
DFF559UZT
chr1	1173880	1197936	0	0	0	0	0	0	1	0	0	0	0	0	0	0	0	0	0	0	0	0	0	0	0	0	0	0	0	0	0	0	0	0	0	0	0	0	0	0	0	0	0	0	10	0	1	0	1	2	0	1	0	0	0	0	7	0	2	0	1	3	2	2	1	0	1	0	0	1	0	4	5	0	1	1	0	10	0	0	0	2	13	0	0	0	0	1	0	0	0	15	1	2	0	0	4	0	2	4	2	0	0	1	1	0	1	8	1	1	5	8	0	1	1	1	27	0	1	2	0	0	0	0	0	0	23	0	0	0	2	0	0	0	0	0	0	2	0	0	0	0

139
DFF564GOU
chr1	1173880	1197936	0	0	0	0	0	0	1	0	0	0	0	0	0	0	0	0	0	0	0	0	0	0	0	0	0	0	0	0	0	0	0	0	0	0	0	0	0	0	0	0	0	0	10	0	1	0	1	2	0	1	0	0	0	0	7	0	2	0	1	3	2	2	1	0	1	0	0	1	0	4	5	0	1	1	0	10	0	0	0	2	13	0	0	0	0	1	0	0	0	15	1	2	0	0	4	0	2	4	2	0	0	1	1	0	1	8	1	1	5	8	0	1	1	1	27	0	1	2	0	0	0	0	0	0	23	0	0	0	2	0	0	0	0	0	0	2	0	0	0	0	0

140
DFF565QGM
chr1	1173880	1197936	0	0	0	0	0	0	1	0	0	0	0	0	0	0	0	0	0	0	0	0	0	0	0	0	0	0	0	0	0	0	0	0	0	0	0	0	0	0	0	0	0	0	10	0	1	0	1	2	0	1	0	0	0	0	7	0	2	0	1	3	2	2	1	0	1	0	0	1	0	4	5	0	1	1	0	10	0	0	0	2	13	0	0	0	0	1	0	0	0	15	1	2	0	0	4	0	2	4	2	0	0	1	1	0	1	8	1	1	5	8	0	1	1	1	27	0	1	2	0	0	0	0	0	0	23	0	0	0	2	0	0	0	0	0	0	2	0	0	0	0	0	0

141
DFF621YNV
chr1	1173880	1197936	0	0	0	0	0	0	1	0	0	0	0	0	0	0	0	0	0	0	0	0	0	0	0	0	0	0	0	0	0	0	0	0	0	0	0	0	0	0	0	0	0	0	10	0	1	0	1	2	0	1	0	0	0	0	7	0	2	0	1	3	2	2	1	0	1	0	0	1	0	4	5	0	1	1	0	10	0	0	0	2	13	0	0	0	0	1	0	0	0	15	1	2	0	0	4	0	2	4	2	0	0	1	1	0	1	8	1	1	5	8	0	1	1	1	27	0	1	2	0	0	0	0	0	0	23	0	0	0	2	0	0	0	0	0	0	2	0	0	0	0	0	0	0

142
DFF653TBJ
chr1	1173880	1197936	0	0	0	0	0	0	1	0	0	0	0	0	0	0	0	0	0	0	0	0	0	0	0	0	0	0	0	0	0	0	0	0	0	0	0	0	0	0	0	0	0	0	10	0	1	0	1	2	0	1	0	0	0	0	7	0	2	0	1	3	2	2	1	0	1	0	0	1	0	4	5	0	1	1	0	10	0	0	0	2	13	0	0	0	0	1	0	0	0	15	1	2	0	0	4	0	2	4	2	0	0	1	1	0	1	8	1	1	5	8	0	1	1	1	27	0	1	2	0	0	0	0	0	0	23	0	0	0	2	0	0	0	0	0	0	2	0	0	0	0	0	0	0	0

143
DFF729PKJ
chr1	1173880	1197936	0	0	0	0	0	0	1	0	0	0	0	0	0	0	0	0	0	0	0	0	0	0	0	0	0	0	0	0	0	0	0	0	0	0	0	0	0	0	0	0	0	0	10	0	1	0	1	2	0	1	0	0	0	0	7	0	2	0	1	3	2	2	1	0	1	0	0	1	0	4	5	0	1	1	0	10	0	0	0	2	13	0	0	0	0	1	0	0	0	15	1	2	0	0	4	0	2	4	2	0	0	1	1	0	1	8	1	1	5	8	0	1	1	1	27	0	1	2	0	0	0	0	0	0	23	0	0	0	2	0	0	0	0	0	0	2	0	0	0	0	0	0	0	0	0

144
DFF803PYP
chr1	1173880	1197936	0	0	0	0	0	0	1	0	0	0	0	0	0	0	0	0	0	0	0	0	0	0	0	0	0	0	0	0	0	0	0	0	0	0	0	0	0	0	0	0	0	0	10	0	1	0	1	2	0	1	0	0	0	0	7	0	2	0	1	3	2	2	1	0	1	0	0	1	0	4	5	0	1	1	0	10	0	0	0	2	13	0	0	0	0	1	0	0	0	15	1	2	0	0	4	0	2	4	2	0	0	1	1	0	1	8	1	1	5	8	0	1	1	1	27	0	1	2	0	0	0	0	0	0	23	0	0	0	2	0	0	0	0	0	0	2	0	0	0	0	0	0	0	0	0	0

145
DFF842KEC
chr1	1173880	1197936	0	0	0	0	0	0	1	0	0	0	0	0	0	0	0	0	0	0	0	0	0	0	0	0	0	0	0	0	0	0	0	0	0	0	0	0	0	0	0	0	0	0	10	0	1	0	1	2	0	1	0	0	0	0	7	0	2	0	1	3	2	2	1	0	1	0	0	1	0	4	5	0	1	1	0	10	0	0	0	2	13	0	0	0	0	1	0	0	0	15	1	2	0	0	4	0	2	4	2	0	0	1	1	0	1	8	1	1	5	8	0	1	1	1	27	0	1	2	0	0	0	0	0	0	23	0	0	0	2	0	0	0	0	0	0	2	0	0	0	0	0	0	0	0	0	0	0

146
DFF923IAT
chr1	1173880	1197936	0	0	0	0	0	0	1	0	0	0	0	0	0	0	0	0	0	0	0	0	0	0	0	0	0	0	0	0	0	0	0	0	0	0	0	0	0	0	0	0	0	0	10	0	1	0	1	2	0	1	0	0	0	0	7	0	2	0	1	3	2	2	1	0	1	0	0	1	0	4	5	0	1	1	0	10	0	0	0	2	13	0	0	0	0	1	0	0	0	15	1	2	0	0	4	0	2	4	2	0	0	1	1	0	1	8	1	1	5	8	0	1	1	1	27	0	1	2	0	0	0	0	0	0	23	0	0	0	2	0	0	0	0	0	0	2	0	0	0	0	0	0	0	0	0	0	0	0

147
DFF975AHB
chr1	1173880	1197936	0	0	0	0	0	0	1	0	0	0	0	0	0	0	0	0	0	0	0	0	0	0	0	0	0	0	0	0	0	0	0	0	0	0	0	0	0	0	0	0	0	0	10	0	1	0	1	2	0	1	0	0	0	0	7	0	2	0	1	3	2	2	1	0	1	0	0	1	0	4	5	0	1	1	0	10	0	0	0	2	13	0	0	0	0	1	0	0	0	15	1	2	0	0	4	0	2	4	2	0	0	1	1	0	1	8	1	1	5	8	0	1	1	1	27	0	1	2	0	0	0	0	0	0	23	0	0	0	2	0	0	0	0	0	0	2	0	0	0	0	0	0	0	0	0	0	0	0	0

148
ENCFF024FSS
chr1	1173880	1197936	0	0	0	0	0	0	1	0	0	0	0	0	0	0	0	0	0	0	0	0	0	0	0	0	0	0	0	0	0	0	0	0	0	0	0	0	0	0	0	0	0	0	10	0	1	0	1	2	0	1	0	0	0	0	7	0	2	0	1	3	2	2	1	0	1	0	0	1	0	4	5	0	1	1	0	10	0	0	0	2	13	0	0	0	0	1	0	0	0	15	1	2	0	0	4	0	2	4	2	0	0	1	1	0	1	8	1	1	5	8	0	1	1	1	27	0	1	2	0	0	0	0	0	0	23	0	0	0	2	0	0	0	0	0	0	2	0	0	0	0	0	0	0	0	0	0	0	0	0	0

149
ENCFF055YGM
chr1	1173880	1197936	0	0	0	0	0	0	1	0	0	0	0	0	0	0	0	0	0	0	0	0	0	0	0	0	0	0	0	0	0	0	0	0	0	0	0	0	0	0	0	0	0	0	10	0	1	0	1	2	0	1	0	0	0	0	7	0	2	0	1	3	2	2	1	0	1	0	0	1	0	4	5	0	1	1	0	10	0	0	0	2	13	0	0	0	0	1	0	0	0	15	1	2	0	0	4	0	2	4	2	0	0	1	1	0	1	8	1	1	5	8	0	1	1	1	27	0	1	2	0	0	0	0	0	0	23	0	0	0	2	0	0	0	0	0	0	2	0	0	0	0	0	0	0	0	0	0	0	0	0	0	0

150
ENCFF072LFQ
chr1	1173880	1197936	0	0	0	0	0	0	1	0	0	0	0	0	0	0	0	0	0	0	0	0	0	0	0	0	0	0	0	0	0	0	0	0	0	0	0	0	0	0	0	0	0	0	10	0	1	0	1	2	0	1	0	0	0	0	7	0	2	0	1	3	2	2	1	0	1	0	0	1	0	4	5	0	1	1	0	10	0	0	0	2	13	0	0	0	0	1	0	0	0	15	1	2	0	0	4	0	2	4	2	0	0	1	1	0	1	8	1	1	5	8	0	1	1	1	27	0	1	2	0	0	0	0	0	0	23	0	0	0	2	0	0	0	0	0	0	2	0	0	0	0	0	0	0	0	0	0	0	0	0	0	0	0

151
ENCFF124JSN
chr1	1173880	1197936	0	0	0	0	0	0	1	0	0	0	0	0	0	0	0	0	0	0	0	0	0	0	0	0	0	0	0	0	0	0	0	0	0	0	0	0	0	0	0	0	0	0	10	0	1	0	1	2	0	1	0	0	0	0	7	0	2	0	1	3	2	2	1	0	1	0	0	1	0	4	5	0	1	1	0	10	0	0	0	2	13	0	0	0	0	1	0	0	0	15	1	2	0	0	4	0	2	4	2	0	0	1	1	0	1	8	1	1	5	8	0	1	1	1	27	0	1	2	0	0	0	0	0	0	23	0	0	0	2	0	0	0	0	0	0	2	0	0	0	0	0	0	0	0	0	0	0	0	0	0	0	0	0

152
ENCFF174HPZ
chr1	1173880	1197936	0	0	0	0	0	0	1	0	0	0	0	0	0	0	0	0	0	0	0	0	0	0	0	0	0	0	0	0	0	0	0	0	0	0	0	0	0	0	0	0	0	0	10	0	1	0	1	2	0	1	0	0	0	0	7	0	2	0	1	3	2	2	1	0	1	0	0	1	0	4	5	0	1	1	0	10	0	0	0	2	13	0	0	0	0	1	0	0	0	15	1	2	0	0	4	0	2	4	2	0	0	1	1	0	1	8	1	1	5	8	0	1	1	1	27	0	1	2	0	0	0	0	0	0	23	0	0	0	2	0	0	0	0	0	0	2	0	0	0	0	0	0	0	0	0	0	0	0	0	0	0	0	0	0

153
ENCFF179JFB
chr1	1173880	1197936	0	0	0	0	0	0	1	0	0	0	0	0	0	0	0	0	0	0	0	0	0	0	0	0	0	0	0	0	0	0	0	0	0	0	0	0	0	0	0	0	0	0	10	0	1	0	1	2	0	1	0	0	0	0	7	0	2	0	1	3	2	2	1	0	1	0	0	1	0	4	5	0	1	1	0	10	0	0	0	2	13	0	0	0	0	1	0	0	0	15	1	2	0	0	4	0	2	4	2	0	0	1	1	0	1	8	1	1	5	8	0	1	1	1	27	0	1	2	0	0	0	0	0	0	23	0	0	0	2	0	0	0	0	0	0	2	0	0	0	0	0	0	0	0	0	0	0	0	0	0	0	0	0	0	1

154
ENCFF199VHV
chr1	1173880	1197936	0	0	0	0	0	0	1	0	0	0	0	0	0	0	0	0	0	0	0	0	0	0	0	0	0	0	0	0	0	0	0	0	0	0	0	0	0	0	0	0	0	0	10	0	1	0	1	2	0	1	0	0	0	0	7	0	2	0	1	3	2	2	1	0	1	0	0	1	0	4	5	0	1	1	0	10	0	0	0	2	13	0	0	0	0	1	0	0	0	15	1	2	0	0	4	0	2	4	2	0	0	1	1	0	1	8	1	1	5	8	0	1	1	1	27	0	1	2	0	0	0	0	0	0	23	0	0	0	2	0	0	0	0	0	0	2	0	0	0	0	0	0	0	0	0	0	0	0	0	0	0	0	0	0	1	0

155
ENCFF237JBZ
chr1	1173880	1197936	0	0	0	0	0	0	1	0	0	0	0	0	0	0	0	0	0	0	0	0	0	0	0	0	0	0	0	0	0	0	0	0	0	0	0	0	0	0	0	0	0	0	10	0	1	0	1	2	0	1	0	0	0	0	7	0	2	0	1	3	2	2	1	0	1	0	0	1	0	4	5	0	1	1	0	10	0	0	0	2	13	0	0	0	0	1	0	0	0	15	1	2	0	0	4	0	2	4	2	0	0	1	1	0	1	8	1	1	5	8	0	1	1	1	27	0	1	2	0	0	0	0	0	0	23	0	0	0	2	0	0	0	0	0	0	2	0	0	0	0	0	0	0	0	0	0	0	0	0	0	0	0	0	0	1	0	0

156
ENCFF239PZJ
chr1	1173880	1197936	0	0	0	0	0	0	1	0	0	0	0	0	0	0	0	0	0	0	0	0	0	0	0	0	0	0	0	0	0	0	0	0	0	0	0	0	0	0	0	0	0	0	10	0	1	0	1	2	0	1	0	0	0	0	7	0	2	0	1	3	2	2	1	0	1	0	0	1	0	4	5	0	1	1	0	10	0	0	0	2	13	0	0	0	0	1	0	0	0	15	1	2	0	0	4	0	2	4	2	0	0	1	1	0	1	8	1	1	5	8	0	1	1	1	27	0	1	2	0	0	0	0	0	0	23	0	0	0	2	0	0	0	0	0	0	2	0	0	0	0	0	0	0	0	0	0	0	0	0	0	0	0	0	0	1	0	0	0

157
ENCFF251ADS
chr1	1173880	1197936	0	0	0	0	0	0	1	0	0	0	0	0	0	0	0	0	0	0	0	0	0	0	0	0	0	0	0	0	0	0	0	0	0	0	0	0	0	0	0	0	0	0	10	0	1	0	1	2	0	1	0	0	0	0	7	0	2	0	1	3	2	2	1	0	1	0	0	1	0	4	5	0	1	1	0	10	0	0	0	2	13	0	0	0	0	1	0	0	0	15	1	2	0	0	4	0	2	4	2	0	0	1	1	0	1	8	1	1	5	8	0	1	1	1	27	0	1	2	0	0	0	0	0	0	23	0	0	0	2	0	0	0	0	0	0	2	0	0	0	0	0	0	0	0	0	0	0	0	0	0	0	0	0	0	1	0	0	0	0

158
ENCFF257UAY
chr1	1173880	1197936	0	0	0	0	0	0	1	0	0	0	0	0	0	0	0	0	0	0	0	0	0	0	0	0	0	0	0	0	0	0	0	0	0	0	0	0	0	0	0	0	0	0	10	0	1	0	1	2	0	1	0	0	0	0	7	0	2	0	1	3	2	2	1	0	1	0	0	1	0	4	5	0	1	1	0	10	0	0	0	2	13	0	0	0	0	1	0	0	0	15	1	2	0	0	4	0	2	4	2	0	0	1	1	0	1	8	1	1	5	8	0	1	1	1	27	0	1	2	0	0	0	0	0	0	23	0	0	0	2	0	0	0	0	0	0	2	0	0	0	0	0	0	0	0	0	0	0	0	0	0	0	0	0	0	1	0	0	0	0	0

159
ENCFF258HEB
chr1	1173880	1197936	0	0	0	0	0	0	1	0	0	0	0	0	0	0	0	0	0	0	0	0	0	0	0	0	0	0	0	0	0	0	0	0	0	0	0	0	0	0	0	0	0	0	10	0	1	0	1	2	0	1	0	0	0	0	7	0	2	0	1	3	2	2	1	0	1	0	0	1	0	4	5	0	1	1	0	10	0	0	0	2	13	0	0	0	0	1	0	0	0	15	1	2	0	0	4	0	2	4	2	0	0	1	1	0	1	8	1	1	5	8	0	1	1	1	27	0	1	2	0	0	0	0	0	0	23	0	0	0	2	0	0	0	0	0	0	2	0	0	0	0	0	0	0	0	0	0	0	0	0	0	0	0	0	0	1	0	0	0	0	0	0

160
ENCFF291YRH
chr1	1173880	1197936	0	0	0	0	0	0	1	0	0	0	0	0	0	0	0	0	0	0	0	0	0	0	0	0	0	0	0	0	0	0	0	0	0	0	0	0	0	0	0	0	0	0	10	0	1	0	1	2	0	1	0	0	0	0	7	0	2	0	1	3	2	2	1	0	1	0	0	1	0	4	5	0	1	1	0	10	0	0	0	2	13	0	0	0	0	1	0	0	0	15	1	2	0	0	4	0	2	4	2	0	0	1	1	0	1	8	1	1	5	8	0	1	1	1	27	0	1	2	0	0	0	0	0	0	23	0	0	0	2	0	0	0	0	0	0	2	0	0	0	0	0	0	0	0	0	0	0	0	0	0	0	0	0	0	1	0	0	0	0	0	0	0

161
ENCFF303AKJ
chr1	1173880	1197936	0	0	0	0	0	0	1	0	0	0	0	0	0	0	0	0	0	0	0	0	0	0	0	0	0	0	0	0	0	0	0	0	0	0	0	0	0	0	0	0	0	0	10	0	1	0	1	2	0	1	0	0	0	0	7	0	2	0	1	3	2	2	1	0	1	0	0	1	0	4	5	0	1	1	0	10	0	0	0	2	13	0	0	0	0	1	0	0	0	15	1	2	0	0	4	0	2	4	2	0	0	1	1	0	1	8	1	1	5	8	0	1	1	1	27	0	1	2	0	0	0	0	0	0	23	0	0	0	2	0	0	0	0	0	0	2	0	0	0	0	0	0	0	0	0	0	0	0	0	0	0	0	0	0	1	0	0	0	0	0	0	0	0

162
ENCFF315UYG
chr1	1173880	1197936	0	0	0	0	0	0	1	0	0	0	0	0	0	0	0	0	0	0	0	0	0	0	0	0	0	0	0	0	0	0	0	0	0	0	0	0	0	0	0	0	0	0	10	0	1	0	1	2	0	1	0	0	0	0	7	0	2	0	1	3	2	2	1	0	1	0	0	1	0	4	5	0	1	1	0	10	0	0	0	2	13	0	0	0	0	1	0	0	0	15	1	2	0	0	4	0	2	4	2	0	0	1	1	0	1	8	1	1	5	8	0	1	1	1	27	0	1	2	0	0	0	0	0	0	23	0	0	0	2	0	0	0	0	0	0	2	0	0	0	0	0	0	0	0	0	0	0	0	0	0	0	0	0	0	1	0	0	0	0	0	0	0	0	0

163
ENCFF372VNL
chr1	1173880	1197936	0	0	0	0	0	0	1	0	0	0	0	0	0	0	0	0	0	0	0	0	0	0	0	0	0	0	0	0	0	0	0	0	0	0	0	0	0	0	0	0	0	0	10	0	1	0	1	2	0	1	0	0	0	0	7	0	2	0	1	3	2	2	1	0	1	0	0	1	0	4	5	0	1	1	0	10	0	0	0	2	13	0	0	0	0	1	0	0	0	15	1	2	0	0	4	0	2	4	2	0	0	1	1	0	1	8	1	1	5	8	0	1	1	1	27	0	1	2	0	0	0	0	0	0	23	0	0	0	2	0	0	0	0	0	0	2	0	0	0	0	0	0	0	0	0	0	0	0	0	0	0	0	0	0	1	0	0	0	0	0	0	0	0	0	0

164
ENCFF525ZRG
chr1	1173880	1197936	0	0	0	0	0	0	1	0	0	0	0	0	0	0	0	0	0	0	0	0	0	0	0	0	0	0	0	0	0	0	0	0	0	0	0	0	0	0	0	0	0	0	10	0	1	0	1	2	0	1	0	0	0	0	7	0	2	0	1	3	2	2	1	0	1	0	0	1	0	4	5	0	1	1	0	10	0	0	0	2	13	0	0	0	0	1	0	0	0	15	1	2	0	0	4	0	2	4	2	0	0	1	1	0	1	8	1	1	5	8	0	1	1	1	27	0	1	2	0	0	0	0	0	0	23	0	0	0	2	0	0	0	0	0	0	2	0	0	0	0	0	0	0	0	0	0	0	0	0	0	0	0	0	0	1	0	0	0	0	0	0	0	0	0	0	0

165
ENCFF529QEX
chr1	1173880	1197936	0	0	0	0	0	0	1	0	0	0	0	0	0	0	0	0	0	0	0	0	0	0	0	0	0	0	0	0	0	0	0	0	0	0	0	0	0	0	0	0	0	0	10	0	1	0	1	2	0	1	0	0	0	0	7	0	2	0	1	3	2	2	1	0	1	0	0	1	0	4	5	0	1	1	0	10	0	0	0	2	13	0	0	0	0	1	0	0	0	15	1	2	0	0	4	0	2	4	2	0	0	1	1	0	1	8	1	1	5	8	0	1	1	1	27	0	1	2	0	0	0	0	0	0	23	0	0	0	2	0	0	0	0	0	0	2	0	0	0	0	0	0	0	0	0	0	0	0	0	0	0	0	0	0	1	0	0	0	0	0	0	0	0	0	0	0	0

166
ENCFF556YGF
chr1	1173880	1197936	0	0	0	0	0	0	1	0	0	0	0	0	0	0	0	0	0	0	0	0	0	0	0	0	0	0	0	0	0	0	0	0	0	0	0	0	0	0	0	0	0	0	10	0	1	0	1	2	0	1	0	0	0	0	7	0	2	0	1	3	2	2	1	0	1	0	0	1	0	4	5	0	1	1	0	10	0	0	0	2	13	0	0	0	0	1	0	0	0	15	1	2	0	0	4	0	2	4	2	0	0	1	1	0	1	8	1	1	5	8	0	1	1	1	27	0	1	2	0	0	0	0	0	0	23	0	0	0	2	0	0	0	0	0	0	2	0	0	0	0	0	0	0	0	0	0	0	0	0	0	0	0	0	0	1	0	0	0	0	0	0	0	0	0	0	0	0	0

167
ENCFF560EBG
chr1	1173880	1197936	0	0	0	0	0	0	1	0	0	0	0	0	0	0	0	0	0	0	0	0	0	0	0	0	0	0	0	0	0	0	0	0	0	0	0	0	0	0	0	0	0	0	10	0	1	0	1	2	0	1	0	0	0	0	7	0	2	0	1	3	2	2	1	0	1	0	0	1	0	4	5	0	1	1	0	10	0	0	0	2	13	0	0	0	0	1	0	0	0	15	1	2	0	0	4	0	2	4	2	0	0	1	1	0	1	8	1	1	5	8	0	1	1	1	27	0	1	2	0	0	0	0	0	0	23	0	0	0	2	0	0	0	0	0	0	2	0	0	0	0	0	0	0	0	0	0	0	0	0	0	0	0	0	0	1	0	0	0	0	0	0	0	0	0	0	0	0	0	0

168
ENCFF567VUC
chr1	1173880	1197936	0	0	0	0	0	0	1	0	0	0	0	0	0	0	0	0	0	0	0	0	0	0	0	0	0	0	0	0	0	0	0	0	0	0	0	0	0	0	0	0	0	0	10	0	1	0	1	2	0	1	0	0	0	0	7	0	2	0	1	3	2	2	1	0	1	0	0	1	0	4	5	0	1	1	0	10	0	0	0	2	13	0	0	0	0	1	0	0	0	15	1	2	0	0	4	0	2	4	2	0	0	1	1	0	1	8	1	1	5	8	0	1	1	1	27	0	1	2	0	0	0	0	0	0	23	0	0	0	2	0	0	0	0	0	0	2	0	0	0	0	0	0	0	0	0	0	0	0	0	0	0	0	0	0	1	0	0	0	0	0	0	0	0	0	0	0	0	0	0	0

169
ENCFF643QLU
chr1	1173880	1197936	0	0	0	0	0	0	1	0	0	0	0	0	0	0	0	0	0	0	0	0	0	0	0	0	0	0	0	0	0	0	0	0	0	0	0	0	0	0	0	0	0	0	10	0	1	0	1	2	0	1	0	0	0	0	7	0	2	0	1	3	2	2	1	0	1	0	0	1	0	4	5	0	1	1	0	10	0	0	0	2	13	0	0	0	0	1	0	0	0	15	1	2	0	0	4	0	2	4	2	0	0	1	1	0	1	8	1	1	5	8	0	1	1	1	27	0	1	2	0	0	0	0	0	0	23	0	0	0	2	0	0	0	0	0	0	2	0	0	0	0	0	0	0	0	0	0	0	0	0	0	0	0	0	0	1	0	0	0	0	0	0	0	0	0	0	0	0	0	0	0	0

170
ENCFF718BTP
chr1	1173880	1197936	0	0	0	0	0	0	1	0	0	0	0	0	0	0	0	0	0	0	0	0	0	0	0	0	0	0	0	0	0	0	0	0	0	0	0	0	0	0	0	0	0	0	10	0	1	0	1	2	0	1	0	0	0	0	7	0	2	0	1	3	2	2	1	0	1	0	0	1	0	4	5	0	1	1	0	10	0	0	0	2	13	0	0	0	0	1	0	0	0	15	1	2	0	0	4	0	2	4	2	0	0	1	1	0	1	8	1	1	5	8	0	1	1	1	27	0	1	2	0	0	0	0	0	0	23	0	0	0	2	0	0	0	0	0	0	2	0	0	0	0	0	0	0	0	0	0	0	0	0	0	0	0	0	0	1	0	0	0	0	0	0	0	0	0	0	0	0	0	0	0	0	0

171
ENCFF720GJU
chr1	1173880	1197936	0	0	0	0	0	0	1	0	0	0	0	0	0	0	0	0	0	0	0	0	0	0	0	0	0	0	0	0	0	0	0	0	0	0	0	0	0	0	0	0	0	0	10	0	1	0	1	2	0	1	0	0	0	0	7	0	2	0	1	3	2	2	1	0	1	0	0	1	0	4	5	0	1	1	0	10	0	0	0	2	13	0	0	0	0	1	0	0	0	15	1	2	0	0	4	0	2	4	2	0	0	1	1	0	1	8	1	1	5	8	0	1	1	1	27	0	1	2	0	0	0	0	0	0	23	0	0	0	2	0	0	0	0	0	0	2	0	0	0	0	0	0	0	0	0	0	0	0	0	0	0	0	0	0	1	0	0	0	0	0	0	0	0	0	0	0	0	0	0	0	0	0	0

172
ENCFF731JBR
chr1	1173880	1197936	0	0	0	0	0	0	1	0	0	0	0	0	0	0	0	0	0	0	0	0	0	0	0	0	0	0	0	0	0	0	0	0	0	0	0	0	0	0	0	0	0	0	10	0	1	0	1	2	0	1	0	0	0	0	7	0	2	0	1	3	2	2	1	0	1	0	0	1	0	4	5	0	1	1	0	10	0	0	0	2	13	0	0	0	0	1	0	0	0	15	1	2	0	0	4	0	2	4	2	0	0	1	1	0	1	8	1	1	5	8	0	1	1	1	27	0	1	2	0	0	0	0	0	0	23	0	0	0	2	0	0	0	0	0	0	2	0	0	0	0	0	0	0	0	0	0	0	0	0	0	0	0	0	0	1	0	0	0	0	0	0	0	0	0	0	0	0	0	0	0	0	0	0	0

173
ENCFF783MYY
chr1	1173880	1197936	0	0	0	0	0	0	1	0	0	0	0	0	0	0	0	0	0	0	0	0	0	0	0	0	0	0	0	0	0	0	0	0	0	0	0	0	0	0	0	0	0	0	10	0	1	0	1	2	0	1	0	0	0	0	7	0	2	0	1	3	2	2	1	0	1	0	0	1	0	4	5	0	1	1	0	10	0	0	0	2	13	0	0	0	0	1	0	0	0	15	1	2	0	0	4	0	2	4	2	0	0	1	1	0	1	8	1	1	5	8	0	1	1	1	27	0	1	2	0	0	0	0	0	0	23	0	0	0	2	0	0	0	0	0	0	2	0	0	0	0	0	0	0	0	0	0	0	0	0	0	0	0	0	0	1	0	0	0	0	0	0	0	0	0	0	0	0	0	0	0	0	0	0	0	0

174
ENCFF792EIF
chr1	1173880	1197936	0	0	0	0	0	0	1	0	0	0	0	0	0	0	0	0	0	0	0	0	0	0	0	0	0	0	0	0	0	0	0	0	0	0	0	0	0	0	0	0	0	0	10	0	1	0	1	2	0	1	0	0	0	0	7	0	2	0	1	3	2	2	1	0	1	0	0	1	0	4	5	0	1	1	0	10	0	0	0	2	13	0	0	0	0	1	0	0	0	15	1	2	0	0	4	0	2	4	2	0	0	1	1	0	1	8	1	1	5	8	0	1	1	1	27	0	1	2	0	0	0	0	0	0	23	0	0	0	2	0	0	0	0	0	0	2	0	0	0	0	0	0	0	0	0	0	0	0	0	0	0	0	0	0	1	0	0	0	0	0	0	0	0	0	0	0	0	0	0	0	0	0	0	0	0	0

175
ENCFF811VNG
chr1	1173880	1197936	0	0	0	0	0	0	1	0	0	0	0	0	0	0	0	0	0	0	0	0	0	0	0	0	0	0	0	0	0	0	0	0	0	0	0	0	0	0	0	0	0	0	10	0	1	0	1	2	0	1	0	0	0	0	7	0	2	0	1	3	2	2	1	0	1	0	0	1	0	4	5	0	1	1	0	10	0	0	0	2	13	0	0	0	0	1	0	0	0	15	1	2	0	0	4	0	2	4	2	0	0	1	1	0	1	8	1	1	5	8	0	1	1	1	27	0	1	2	0	0	0	0	0	0	23	0	0	0	2	0	0	0	0	0	0	2	0	0	0	0	0	0	0	0	0	0	0	0	0	0	0	0	0	0	1	0	0	0	0	0	0	0	0	0	0	0	0	0	0	0	0	0	0	0	0	0	0

176
ENCFF820DKN
chr1	1173880	1197936	0	0	0	0	0	0	1	0	0	0	0	0	0	0	0	0	0	0	0	0	0	0	0	0	0	0	0	0	0	0	0	0	0	0	0	0	0	0	0	0	0	0	10	0	1	0	1	2	0	1	0	0	0	0	7	0	2	0	1	3	2	2	1	0	1	0	0	1	0	4	5	0	1	1	0	10	0	0	0	2	13	0	0	0	0	1	0	0	0	15	1	2	0	0	4	0	2	4	2	0	0	1	1	0	1	8	1	1	5	8	0	1	1	1	27	0	1	2	0	0	0	0	0	0	23	0	0	0	2	0	0	0	0	0	0	2	0	0	0	0	0	0	0	0	0	0	0	0	0	0	0	0	0	0	1	0	0	0	0	0	0	0	0	0	0	0	0	0	0	0	0	0	0	0	0	0	0	0

177
ENCFF830CEC
chr1	1173880	1197936	0	0	0	0	0	0	1	0	0	0	0	0	0	0	0	0	0	0	0	0	0	0	0	0	0	0	0	0	0	0	0	0	0	0	0	0	0	0	0	0	0	0	10	0	1	0	1	2	0	1	0	0	0	0	7	0	2	0	1	3	2	2	1	0	1	0	0	1	0	4	5	0	1	1	0	10	0	0	0	2	13	0	0	0	0	1	0	0	0	15	1	2	0	0	4	0	2	4	2	0	0	1	1	0	1	8	1	1	5	8	0	1	1	1	27	0	1	2	0	0	0	0	0	0	23	0	0	0	2	0	0	0	0	0	0	2	0	0	0	0	0	0	0	0	0	0	0	0	0	0	0	0	0	0	1	0	0	0	0	0	0	0	0	0	0	0	0	0	0	0	0	0	0	0	0	0	0	0	0

178
ENCFF890NRK
chr1	1173880	1197936	0	0	0	0	0	0	1	0	0	0	0	0	0	0	0	0	0	0	0	0	0	0	0	0	0	0	0	0	0	0	0	0	0	0	0	0	0	0	0	0	0	0	10	0	1	0	1	2	0	1	0	0	0	0	7	0	2	0	1	3	2	2	1	0	1	0	0	1	0	4	5	0	1	1	0	10	0	0	0	2	13	0	0	0	0	1	0	0	0	15	1	2	0	0	4	0	2	4	2	0	0	1	1	0	1	8	1	1	5	8	0	1	1	1	27	0	1	2	0	0	0	0	0	0	23	0	0	0	2	0	0	0	0	0	0	2	0	0	0	0	0	0	0	0	0	0	0	0	0	0	0	0	0	0	1	0	0	0	0	0	0	0	0	0	0	0	0	0	0	0	0	0	0	0	0	0	0	0	0	0

179
ENCFF898WYV
chr1	1173880	1197936	0	0	0	0	0	0	1	0	0	0	0	0	0	0	0	0	0	0	0	0	0	0	0	0	0	0	0	0	0	0	0	0	0	0	0	0	0	0	0	0	0	0	10	0	1	0	1	2	0	1	0	0	0	0	7	0	2	0	1	3	2	2	1	0	1	0	0	1	0	4	5	0	1	1	0	10	0	0	0	2	13	0	0	0	0	1	0	0	0	15	1	2	0	0	4	0	2	4	2	0	0	1	1	0	1	8	1	1	5	8	0	1	1	1	27	0	1	2	0	0	0	0	0	0	23	0	0	0	2	0	0	0	0	0	0	2	0	0	0	0	0	0	0	0	0	0	0	0	0	0	0	0	0	0	1	0	0	0	0	0	0	0	0	0	0	0	0	0	0	0	0	0	0	0	0	0	0	0	0	0	0

180
ENCFF901EKY
chr1	1173880	1197936	0	0	0	0	0	0	1	0	0	0	0	0	0	0	0	0	0	0	0	0	0	0	0	0	0	0	0	0	0	0	0	0	0	0	0	0	0	0	0	0	0	0	10	0	1	0	1	2	0	1	0	0	0	0	7	0	2	0	1	3	2	2	1	0	1	0	0	1	0	4	5	0	1	1	0	10	0	0	0	2	13	0	0	0	0	1	0	0	0	15	1	2	0	0	4	0	2	4	2	0	0	1	1	0	1	8	1	1	5	8	0	1	1	1	27	0	1	2	0	0	0	0	0	0	23	0	0	0	2	0	0	0	0	0	0	2	0	0	0	0	0	0	0	0	0	0	0	0	0	0	0	0	0	0	1	0	0	0	0	0	0	0	0	0	0	0	0	0	0	0	0	0	0	0	0	0	0	0	0	0	0	0

181
ENCFF953FJE
chr1	1173880	1197936	0	0	0	0	0	0	1	0	0	0	0	0	0	0	0	0	0	0	0	0	0	0	0	0	0	0	0	0	0	0	0	0	0	0	0	0	0	0	0	0	0	0	10	0	1	0	1	2	0	1	0	0	0	0	7	0	2	0	1	3	2	2	1	0	1	0	0	1	0	4	5	0	1	1	0	10	0	0	0	2	13	0	0	0	0	1	0	0	0	15	1	2	0	0	4	0	2	4	2	0	0	1	1	0	1	8	1	1	5	8	0	1	1	1	27	0	1	2	0	0	0	0	0	0	23	0	0	0	2	0	0	0	0	0	0	2	0	0	0	0	0	0	0	0	0	0	0	0	0	0	0	0	0	0	1	0	0	0	0	0	0	0	0	0	0	0	0	0	0	0	0	0	0	0	0	0	0	0	0	0	0	0	0

182
ENCFF968YWL
chr1	1173880	1197936	0	0	0	0	0	0	1	0	0	0	0	0	0	0	0	0	0	0	0	0	0	0	0	0	0	0	0	0	0	0	0	0	0	0	0	0	0	0	0	0	0	0	10	0	1	0	1	2	0	1	0	0	0	0	7	0	2	0	1	3	2	2	1	0	1	0	0	1	0	4	5	0	1	1	0	10	0	0	0	2	13	0	0	0	0	1	0	0	0	15	1	2	0	0	4	0	2	4	2	0	0	1	1	0	1	8	1	1	5	8	0	1	1	1	27	0	1	2	0	0	0	0	0	0	23	0	0	0	2	0	0	0	0	0	0	2	0	0	0	0	0	0	0	0	0	0	0	0	0	0	0	0	0	0	1	0	0	0	0	0	0	0	0	0	0	0	0	0	0	0	0	0	0	0	0	0	0	0	0	0	0	0	0	1

183
ENCFF984UBD
chr1	1173880	1197936	0	0	0	0	0	0	1	0	0	0	0	0	0	0	0	0	0	0	0	0	0	0	0	0	0	0	0	0	0	0	0	0	0	0	0	0	0	0	0	0	0	0	10	0	1	0	1	2	0	1	0	0	0	0	7	0	2	0	1	3	2	2	1	0	1	0	0	1	0	4	5	0	1	1	0	10	0	0	0	2	13	0	0	0	0	1	0	0	0	15	1	2	0	0	4	0	2	4	2	0	0	1	1	0	1	8	1	1	5	8	0	1	1	1	27	0	1	2	0	0	0	0	0	0	23	0	0	0	2	0	0	0	0	0	0	2	0	0	0	0	0	0	0	0	0	0	0	0	0	0	0	0	0	0	1	0	0	0	0	0	0	0	0	0	0	0	0	0	0	0	0	0	0	0	0	0	0	0	0	0	0	0	0	1	0

184
ENCFF988KSK
chr1	1173880	1197936	0	0	0	0	0	0	1	0	0	0	0	0	0	0	0	0	0	0	0	0	0	0	0	0	0	0	0	0	0	0	0	0	0	0	0	0	0	0	0	0	0	0	10	0	1	0	1	2	0	1	0	0	0	0	7	0	2	0	1	3	2	2	1	0	1	0	0	1	0	4	5	0	1	1	0	10	0	0	0	2	13	0	0	0	0	1	0	0	0	15	1	2	0	0	4	0	2	4	2	0	0	1	1	0	1	8	1	1	5	8	0	1	1	1	27	0	1	2	0	0	0	0	0	0	23	0	0	0	2	0	0	0	0	0	0	2	0	0	0	0	0	0	0	0	0	0	0	0	0	0	0	0	0	0	1	0	0	0	0	0	0	0	0	0	0	0	0	0	0	0	0	0	0	0	0	0	0	0	0	0	0	0	0	1	0	0

185
ENCFF991MKU
chr1	1173880	1197936	0	0	0	0	0	0	1	0	0	0	0	0	0	0	0	0	0	0	0	0	0	0	0	0	0	0	0	0	0	0	0	0	0	0	0	0	0	0	0	0	0	0	10	0	1	0	1	2	0	1	0	0	0	0	7	0	2	0	1	3	2	2	1	0	1	0	0	1	0	4	5	0	1	1	0	10	0	0	0	2	13	0	0	0	0	1	0	0	0	15	1	2	0	0	4	0	2	4	2	0	0	1	1	0	1	8	1	1	5	8	0	1	1	1	27	0	1	2	0	0	0	0	0	0	23	0	0	0	2	0	0	0	0	0	0	2	0	0	0	0	0	0	0	0	0	0	0	0	0	0	0	0	0	0	1	0	0	0	0	0	0	0	0	0	0	0	0	0	0	0	0	0	0	0	0	0	0	0	0	0	0	0	0	1	0	0	0

186
CM_Merged_DI_TADs
chr1	1173880	1197936	0	0	0	0	0	0	1	0	0	0	0	0	0	0	0	0	0	0	0	0	0	0	0	0	0	0	0	0	0	0	0	0	0	0	0	0	0	0	0	0	0	0	10	0	1	0	1	2	0	1	0	0	0	0	7	0	2	0	1	3	2	2	1	0	1	0	0	1	0	4	5	0	1	1	0	10	0	0	0	2	13	0	0	0	0	1	0	0	0	15	1	2	0	0	4	0	2	4	2	0	0	1	1	0	1	8	1	1	5	8	0	1	1	1	27	0	1	2	0	0	0	0	0	0	23	0	0	0	2	0	0	0	0	0	0	2	0	0	0	0	0	0	0	0	0	0	0	0	0	0	0	0	0	0	1	0	0	0	0	0	0	0	0	0	0	0	0	0	0	0	0	0	0	0	0	0	0	0	0	0	0	0	0	1	0	0	0	1

187
CP_Merged_DI_TADs
chr1	1173880	1197936	0	0	0	0	0	0	1	0	0	0	0	0	0	0	0	0	0	0	0	0	0	0	0	0	0	0	0	0	0	0	0	0	0	0	0	0	0	0	0	0	0	0	10	0	1	0	1	2	0	1	0	0	0	0	7	0	2	0	1	3	2	2	1	0	1	0	0	1	0	4	5	0	1	1	0	10	0	0	0	2	13	0	0	0	0	1	0	0	0	15	1	2	0	0	4	0	2	4	2	0	0	1	1	0	1	8	1	1	5	8	0	1	1	1	27	0	1	2	0	0	0	0	0	0	23	0	0	0	2	0	0	0	0	0	0	2	0	0	0	0	0	0	0	0	0	0	0	0	0	0	0	0	0	0	1	0	0	0	0	0	0	0	0	0	0	0	0	0	0	0	0	0	0	0	0	0	0	0	0	0	0	0	0	1	0	0	0	1	1

188
PCHiC_interaction_points_sorte_uniq_grch38
chr1	1173880	1197936	0	0	0	0	0	0	1	0	0	0	0	0	0	0	0	0	0	0	0	0	0	0	0	0	0	0	0	0	0	0	0	0	0	0	0	0	0	0	0	0	0	0	10	0	1	0	1	2	0	1	0	0	0	0	7	0	2	0	1	3	2	2	1	0	1	0	0	1	0	4	5	0	1	1	0	10	0	0	0	2	13	0	0	0	0	1	0	0	0	15	1	2	0	0	4	0	2	4	2	0	0	1	1	0	1	8	1	1	5	8	0	1	1	1	27	0	1	2	0	0	0	0	0	0	23	0	0	0	2	0	0	0	0	0	0	2	0	0	0	0	0	0	0	0	0	0	0	0	0	0	0	0	0	0	1	0	0	0	0	0	0	0	0	0	0	0	0	0	0	0	0	0	0	0	0	0	0	0	0	0	0	0	0	1	0	0	0	1	1	11

189
unlifted_enhancers
chr1	1173880	1197936	0	0	0	0	0	0	1	0	0	0	0	0	0	0	0	0	0	0	0	0	0	0	0	0	0	0	0	0	0	0	0	0	0	0	0	0	0	0	0	0	0	0	10	0	1	0	1	2	0	1	0	0	0	0	7	0	2	0	1	3	2	2	1	0	1	0	0	1	0	4	5	0	1	1	0	10	0	0	0	2	13	0	0	0	0	1	0	0	0	15	1	2	0	0	4	0	2	4	2	0	0	1	1	0	1	8	1	1	5	8	0	1	1	1	27	0	1	2	0	0	0	0	0	0	23	0	0	0	2	0	0	0	0	0	0	2	0	0	0	0	0	0	0	0	0	0	0	0	0	0	0	0	0	0	1	0	0	0	0	0	0	0	0	0	0	0	0	0	0	0	0	0	0	0	0	0	0	0	0	0	0	0	0	1	0	0	0	1	1	11	0

190
